9.999999999947492002e-01 -1.675035195096816927e-10 -3.575537318610938132e-10 -2.607530857900997034e-11 -1.675035335817039936e-10 1.000000000000412337e+00 1.370878311006055739e-11 5.690128923596660115e-11 -3.575537403984057351e-10 1.370878370708137467e-11 1.000000000004838796e+00 1.196774207512518728e-10
9.999997969565057598e-01 -6.905885314869421397e-04 -1.342868855980214652e-04 1.199166143065510726e+00 6.906838954722070061e-04 9.999995005584747521e-01 7.154527162083842593e-04 1.144884263425056947e-02 1.337910170120068954e-04 -7.155449071486176494e-04 9.999997024850197924e-01 2.047739427924328420e-02
9.999989880001296516e-01 -1.373034222209892821e-03 -2.679805628974131081e-04 2.384515478988607828e+00 1.373414468448739536e-03 9.999981022018116228e-01 1.422467827582209752e-03 2.276589323249737437e-02 2.660261711558091339e-04 -1.422832523379738813e-03 9.999989097980591657e-01 4.071855464164039068e-02
9.999977730223341688e-01 -2.058899617003797332e-03 -4.033495200376871785e-04 3.576129754468305499e+00 2.059754895069801708e-03 9.999956049799036961e-01 2.133019173412937976e-03 3.414291515750565026e-02 3.989555547741421436e-04 -2.133844782973812713e-03 9.999976219977622094e-01 6.106641832780134588e-02
9.999960520583380807e-01 -2.744698478312680538e-03 -5.397107094396888472e-04 4.767960155325308591e+00 2.746222016012959607e-03 9.999922088663626418e-01 2.843500081114051347e-03 4.552213629903840986e-02 5.319008453119444379e-04 -2.844969911063731979e-03 9.999957390752997055e-01 8.141766929878244130e-02
9.999939250348749420e-01 -3.432221411683014992e-03 -6.774248449500122312e-04 5.963120084016150457e+00 3.434608766293472705e-03 9.999878138998449240e-01 3.555763182750421112e-03 5.693328643298267711e-02 6.652113667263342750e-04 -3.558068362570796471e-03 9.999934610652805311e-01 1.018255333075625824e-01
9.999911921430341133e-01 -4.116959801956944325e-03 -8.155836279417175453e-04 7.153773509944183928e+00 4.120402057723657023e-03 9.999824200359453963e-01 4.265137659974680383e-03 6.830156260933518964e-02 7.980095921192569691e-04 -4.268461125774735548e-03 9.999905878210207932e-01 1.221559915581522104e-01
9.999880532104357123e-01 -4.802737735975453823e-03 -9.549600620802155661e-04 8.346572298338042373e+00 4.807431426551938766e-03 9.999760273204567618e-01 4.975587119355196798e-03 7.969046427489291651e-02 9.310390647244746283e-04 -4.980118793133879278e-03 9.999871194691080101e-01 1.425228875276577656e-01
9.999843083621580142e-01 -5.487590571320717821e-03 -1.095151530383886270e-03 9.538102036807433848e+00 5.493730182326459974e-03 9.999687357403967969e-01 5.685073762924181852e-03 9.106734821322451379e-02 1.063919741000125601e-03 -5.691002195565422056e-03 9.999832558974455221e-01 1.628676339175110510e-01
9.999801575468248993e-01 -6.172357172021181865e-03 -1.236332159519244311e-03 1.072982786433740188e+01 6.180141143343865530e-03 9.999604453133444926e-01 6.394468250501566912e-03 1.024462743838173845e-01 1.196813987038142756e-03 -6.401984395882405303e-03 9.999787971398309550e-01 1.832153767781604103e-01
9.999755007779299598e-01 -6.856901669396214122e-03 -1.378471418383116383e-03 1.192150578049452747e+01 6.866526800608739427e-03 9.999511560249317865e-01 7.103630614052991281e-03 1.138248846107143275e-01 1.329695156689981181e-03 -7.112924028406102626e-03 9.999738431971385566e-01 2.035619954552234101e-01
9.999704380201654974e-01 -7.541573839492735076e-03 -1.521644751137241763e-03 1.311375383803089534e+01 7.553239952411532239e-03 9.999409679050129673e-01 7.812921314516553875e-03 1.252091561393010866e-01 1.462631114886654487e-03 -7.824184343331758509e-03 9.999682940748217952e-01 2.239180012791173735e-01
9.999650776794434259e-01 -8.191824569846722220e-03 -1.639821994114549651e-03 1.430549290594228573e+01 8.205297159088249803e-03 9.999311796351580961e-01 8.385499495309920934e-03 1.364988877111645293e-01 1.571015177691087363e-03 -8.398662241648768151e-03 9.999634426853986069e-01 2.441353380067241563e-01
9.999562319326760207e-01 -9.141508784731012388e-03 -1.987900856114826944e-03 1.549876388265610139e+01 9.161249074735101569e-03 9.999064048902706059e-01 1.015882927103920613e-02 1.485979436939262877e-01 1.894846120918148051e-03 -1.017660494115310045e-02 9.999463631770536542e-01 2.655121512291212515e-01
9.999521172965689653e-01 -9.590098712251143506e-03 -1.936401505954119667e-03 1.668992964166252335e+01 9.608786560332515866e-03 9.999050094895862717e-01 9.883619208235664561e-03 1.593183947632760278e-01 1.841432611375478723e-03 -9.901753651733480668e-03 9.999492732138451911e-01 2.849205471664080225e-01
9.999468092768214467e-01 -1.018533881381837765e-02 -1.613307873828396383e-03 1.788358324199301919e+01 1.019992760158339694e-02 9.999045992389804516e-01 9.310347088327926637e-03 1.698108041162687265e-01 1.518323732942761196e-03 -9.326308950379285853e-03 9.999552914841983720e-01 3.040893837156264379e-01
9.999422956096041259e-01 -1.067723083078740871e-02 -1.216850003079919789e-03 1.907936900038058425e+01 1.068772952778887682e-02 9.999026785656068839e-01 8.969558432706399229e-03 1.811470239103793178e-01 1.120959937450951216e-03 -8.982046475558860127e-03 9.999590258247893493e-01 3.224973546116782774e-01
9.999331541257532319e-01 -1.135745174639106979e-02 -2.151111528280726277e-03 2.027303060868837647e+01 1.137678632680477753e-02 9.998929533088546373e-01 9.199820933920509550e-03 1.937926165701169545e-01 2.046394028726406661e-03 -9.223679328342474990e-03 9.999552925653922841e-01 3.409875758622713526e-01
9.999248609451418801e-01 -1.183306008933944671e-02 -3.196992073864985372e-03 2.146761456411356050e+01 1.186120824431664313e-02 9.998897444482083285e-01 8.935507181363230508e-03 2.071031396742049335e-01 3.090904449178310653e-03 -8.972756078533570406e-03 9.999548946066502131e-01 3.592742669596704630e-01
9.999164569878358222e-01 -1.265711035974193509e-02 -2.616020216747627809e-03 2.266198759828900933e+01 1.268152428342258532e-02 9.998741116845508703e-01 9.535216456205848276e-03 2.221088408755615973e-01 2.495002736881435715e-03 -9.567597939620135772e-03 9.999511313276135960e-01 3.788149499473356663e-01
9.999073904568387405e-01 -1.338220351111342118e-02 -2.498103299287381118e-03 2.385631374485873124e+01 1.340599784518227075e-02 9.998624139931830967e-01 9.766516478296335957e-03 2.375297609856160119e-01 2.367060992635525683e-03 -9.799102852424640062e-03 9.999491955499784090e-01 3.992284931614726307e-01
9.998926459158523627e-01 -1.428246973380458036e-02 -3.279538805819254450e-03 2.505032687791963752e+01 1.431387890003076903e-02 9.998499063272870968e-01 9.764715821371065113e-03 2.531649750237459084e-01 3.139581817143637706e-03 -9.810611350499952310e-03 9.999469477568608822e-01 4.198632420918976815e-01
9.998813627821339090e-01 -1.511959059437302001e-02 -2.958790612579821708e-03 2.624678812798764227e+01 1.514853937091199462e-02 9.998350920527182550e-01 1.002117089371772421e-02 2.707745060084381650e-01 2.806785181983227108e-03 -1.006480766020801006e-02 9.999453451651482139e-01 4.381143677929683067e-01
9.998739649720379541e-01 -1.585660751135801669e-02 -7.908200849984961100e-04 2.744570883849997855e+01 1.586318940781620418e-02 9.998322732951298031e-01 9.152563247164747715e-03 2.879943358908824691e-01 6.455576750942687353e-04 -9.163955271085967580e-03 9.999577617328326840e-01 4.571720760875797041e-01
9.998594777577711756e-01 -1.675328162544819852e-02 -5.898383337441874237e-04 2.864132861279646391e+01 1.675769188315997735e-02 9.998234546365867281e-01 8.502532393178071843e-03 3.058472498992406141e-01 4.472880420510957369e-04 -8.511222805525648499e-03 9.999636676056422591e-01 4.732609124802669154e-01
9.998442227912971436e-01 -1.754172081266899830e-02 -1.969946977052974314e-03 2.983258589474076672e+01 1.755671437868515719e-02 9.998148325004491133e-01 7.873403247062586707e-03 3.245886062747604939e-01 1.831467551302116189e-03 -7.906763439208626745e-03 9.999670447082540381e-01 4.910969837743410782e-01
9.998246434912250180e-01 -1.851777893374964915e-02 -2.776556634003079106e-03 3.103235087478326903e+01 1.853774152488599919e-02 9.998011575061205303e-01 7.344706118097397637e-03 3.439055526727468060e-01 2.639995908515260434e-03 -7.394890469652304343e-03 9.999690990026546267e-01 5.095069183303818638e-01
9.998104582522531203e-01 -1.926821474331953318e-02 -2.797384987761801587e-03 3.223653294696334370e+01 1.928938992553613438e-02 9.997838730768418003e-01 7.750987044618944805e-03 3.657339123214852772e-01 2.647432420924199486e-03 -7.803479254212338997e-03 9.999660686709052060e-01 5.288031429987365417e-01
9.997987763995883626e-01 -1.993216922034527980e-02 -2.244011170573666919e-03 3.342508181852558380e+01 1.994801876267997265e-02 9.997745080918175598e-01 7.277041790365876631e-03 3.870469692175541043e-01 2.098458251576882684e-03 -7.320342662552181169e-03 9.999710155085943519e-01 5.490662954701741594e-01
9.997862743835194133e-01 -2.058036157935340046e-02 -1.987974872622447382e-03 3.461986524800986587e+01 2.059385874380229020e-02 9.997632805262884892e-01 7.027770541134423753e-03 4.094716200605272860e-01 1.842869456011536492e-03 -7.067208440953373812e-03 9.999733450901926446e-01 5.699338661072770318e-01
9.997761519513109763e-01 -2.107044450166324287e-02 -1.904997085317601362e-03 3.581782484927988719e+01 2.108200436872149225e-02 9.997580778225142462e-01 6.267583712566252713e-03 4.319939913430623224e-01 1.772473674425326454e-03 -6.306342003274818288e-03 9.999784702261751423e-01 5.890587333304173612e-01
9.997634185438086796e-01 -2.166515203015697069e-02 -1.916042294258334892e-03 3.701474641525124554e+01 2.167688467624237850e-02 9.997449870380336057e-01 6.330277578121436613e-03 4.563038324426983428e-01 1.778405985981747900e-03 -6.370314865927398547e-03 9.999780944181581033e-01 6.090074815230261951e-01
9.997598270259389075e-01 -2.186868539029850414e-02 -1.403398684177126991e-03 3.821260591603130052e+01 2.187603953647071151e-02 9.997458089940125525e-01 5.454331845935338034e-03 4.798205761283632076e-01 1.283763237701389219e-03 -5.483723905823064369e-03 9.999841639800489679e-01 6.292898204841277376e-01
9.997625007978594436e-01 -2.179354656487725306e-02 -1.995808562078729492e-04 3.941148326380856304e+01 2.179432353429388777e-02 9.997469092992105066e-01 5.587092916260639509e-03 5.051990019534319254e-01 7.776682578309472343e-05 -5.590116243936427490e-03 9.999843899029303707e-01 6.487705984422404981e-01
9.997651309560413591e-01 -2.165869278231112235e-02 7.362262218950564553e-04 4.060870133810448834e+01 2.165384670724841351e-02 9.997471561803128459e-01 6.057068961953707316e-03 5.306123398672129010e-01 -8.672302938112023398e-04 -6.039704858314961546e-03 9.999813128636463322e-01 6.682758856403305803e-01
9.997665252695264737e-01 -2.160597028701906341e-02 3.053875275257644534e-04 4.180513446915899323e+01 2.160337051014205381e-02 9.997431260061265812e-01 6.851564805453578058e-03 5.567784055842671664e-01 -4.533452070978687652e-04 -6.843368914495462710e-03 9.999764487243472111e-01 6.868603445164783716e-01
9.997687149755090097e-01 -2.150554998328456022e-02 1.955100562427939000e-04 4.300252140812826696e+01 2.150342084568960047e-02 9.997392433254428390e-01 7.680664122435703310e-03 5.835506058578887600e-01 -3.606374686780875198e-04 -7.674684757099875174e-03 9.999704416990483624e-01 7.037823056014568257e-01
9.997764025262602106e-01 -2.108072364261915493e-02 1.648554329290654631e-03 4.420252112935943956e+01 2.106198437236507862e-02 9.997214254742285977e-01 1.065685399344410908e-02 6.139200370628307146e-01 -1.872749635826088770e-03 -1.061975422416813059e-02 9.999418719995114557e-01 7.195164178010274858e-01
9.997977171680569874e-01 -1.953249597878922370e-02 4.791834611579424280e-03 4.540291273969599217e+01 1.947915478811959936e-02 9.997504224186842814e-01 1.093726955791186027e-02 6.399863088461287264e-01 -5.004273906405509731e-03 -1.084172072406934008e-02 9.999286604132590073e-01 7.329390983170702700e-01
9.998125146244745132e-01 -1.783125815306735307e-02 7.546263604105665768e-03 4.660374555304246513e+01 1.774376307276172987e-02 9.997763632457818961e-01 1.150751075527988235e-02 6.641685744820906567e-01 -7.749771040203739560e-03 -1.137144929913494300e-02 9.999053221297440341e-01 7.433378541024435737e-01
9.998110426090350833e-01 -1.611595458414969914e-02 1.086800499071826666e-02 4.780947928703437100e+01 1.598758877009434295e-02 9.998026219818427762e-01 1.179595412774863718e-02 6.852077709796730032e-01 -1.105597045203081559e-02 -1.161997262041344556e-02 9.998713354091226524e-01 7.505513270448839203e-01
9.998053334968494132e-01 -1.484362305304976794e-02 1.300232960557124763e-02 4.901279294155086319e+01 1.469452396055636462e-02 9.998260239984042563e-01 1.148822783481889299e-02 7.039126783527286380e-01 -1.317060069941026340e-02 -1.129492825574852054e-02 9.998494425047468326e-01 7.564909344814082504e-01
9.998471564543417456e-01 -1.332344573607831782e-02 1.132029118604205992e-02 5.021166665083907787e+01 1.321252827939990195e-02 9.998644920111020573e-01 9.816907147586177371e-03 7.190185300174977145e-01 -1.144955934972995831e-02 -9.665839006428303057e-03 9.998877515345564460e-01 7.580331201333481150e-01
9.998845184324743895e-01 -1.223219280200575111e-02 9.019948195340675781e-03 5.141265650238148055e+01 1.213910316224440546e-02 9.998732827449700045e-01 1.030330818990945856e-02 7.354399857034343846e-01 -9.144840737257948701e-03 -1.019261975354026316e-02 9.999061988225557140e-01 7.610722526937540033e-01
9.998955719936322151e-01 -1.143224821934630923e-02 8.840764070662020593e-03 5.261399544543606055e+01 1.133065362894144536e-02 9.998701740162935225e-01 1.145791220221432927e-02 7.526956523565749846e-01 -8.970608499714614881e-03 -1.135654500093152483e-02 9.998952539900747283e-01 7.663285626389958471e-01
9.999002715030073096e-01 -1.136848604060379866e-02 8.385210942524097544e-03 5.381947487436755040e+01 1.128034609292737252e-02 9.998813947524211043e-01 1.048506167697207427e-02 7.662617582981531283e-01 -8.503419376552072417e-03 -1.038942848734791466e-02 9.999098337445717632e-01 7.728240318133530184e-01
9.998975972173725912e-01 -1.208638568181565412e-02 7.665345250472754141e-03 5.502347183162345345e+01 1.201094076668673093e-02 9.998796908323211996e-01 9.812920210873977284e-03 7.811648565514874853e-01 -7.783028605814225169e-03 -9.719848166536390263e-03 9.999224119503065111e-01 7.801546784477688679e-01
9.998783845637047030e-01 -1.362297813794503473e-02 7.589673006809893700e-03 5.622864194845118391e+01 1.354703641925518107e-02 9.998585026245707663e-01 9.969995077861101840e-03 7.973521518329259594e-01 -7.724422201041793341e-03 -9.865968829234957743e-03 9.999215128117246998e-01 7.877268253091301853e-01
9.998435572252429848e-01 -1.517537607734768638e-02 9.086675087791514296e-03 5.743638511707345629e+01 1.508454941471627959e-02 9.998363517290904667e-01 9.982340836229224024e-03 8.158888172929619209e-01 -9.236676355260396709e-03 -9.843710858027867813e-03 9.999088910456668255e-01 7.980920395783716037e-01
9.998249894281133754e-01 -1.614635795258428583e-02 9.454196991699078539e-03 5.864137670682181636e+01 1.605200764375744327e-02 9.998214381396407502e-01 9.972260451761293457e-03 8.362527373459061053e-01 -9.613527710062222745e-03 -9.818761958390598288e-03 9.999055724322462035e-01 8.055426315023823669e-01
9.998135191836301505e-01 -1.699278607527305446e-02 9.170095437911258973e-03 5.984741917254371657e+01 1.689230024732146784e-02 9.997976210714182299e-01 1.092582497046359728e-02 8.589694715720862517e-01 -9.353901101639567825e-03 -1.076887814779833169e-02 9.998982597449518339e-01 8.124418338610956969e-01
9.998024202720248166e-01 -1.770895958450940944e-02 9.033156342610072775e-03 6.105104795509098636e+01 1.760634973628239647e-02 9.997809895758444920e-01 1.131404435426150608e-02 8.817423721853345775e-01 -9.231540799490253399e-03 -1.115277346802237557e-02 9.998951901521310193e-01 8.201050662553251991e-01
9.998044034709242522e-01 -1.786335260498198366e-02 8.488235400406340253e-03 6.225466520102794021e+01 1.777242091875079477e-02 9.997851342113105444e-01 1.066957175751099933e-02 9.037488652465482941e-01 -8.677007734680972778e-03 -1.051663025082380000e-02 9.999070623177654937e-01 8.280210585800460432e-01
9.998088762887800129e-01 -1.804514395752143327e-02 7.523431880023681226e-03 6.345654955128996733e+01 1.797431995569958446e-02 9.997945238281570335e-01 9.377693556128047572e-03 9.240200641456639552e-01 -7.691110609923401849e-03 -9.240672599064065837e-03 9.999276998830630703e-01 8.362374809895513073e-01
9.997947967934543989e-01 -1.840525399484411670e-02 8.457628069562772230e-03 6.465681367041054273e+01 1.832945392616593810e-02 9.997918736070072754e-01 8.953235655323101699e-03 9.461974339236957077e-01 -8.620657412472939804e-03 -8.796376340898637292e-03 9.999241295995386913e-01 8.431684908521296373e-01
9.997690508460378433e-01 -1.866965917086488291e-02 1.064197524457424077e-02 6.585995442632217589e+01 1.857481802961714890e-02 9.997874654153504625e-01 8.942471754296570097e-03 9.685381480727422998e-01 -1.080666485439908502e-02 -8.742735412783265644e-03 9.999033837386119838e-01 8.516801912975491273e-01
9.997781944689579925e-01 -1.895225048674344104e-02 9.185513000347873824e-03 6.705716243658564224e+01 1.886603328142550523e-02 9.997779440789792416e-01 9.383955622864471185e-03 9.925440382487995539e-01 -9.361323494322552896e-03 -9.208581893840193239e-03 9.999137614520628992e-01 8.576414582485620830e-01
9.997912106383286535e-01 -1.901757024660777687e-02 7.474864164084962098e-03 6.825059662584834541e+01 1.893553745078480760e-02 9.997613893146852782e-01 1.089607480467326243e-02 1.018518133290676086e+00 -7.680299735353032613e-03 -1.075225309019490517e-02 9.999127000469862914e-01 8.623559628782591080e-01
9.997881037748940214e-01 -1.912836985860190755e-02 7.601586992027158790e-03 6.944493428423227499e+01 1.902804774806242383e-02 9.997336949544720630e-01 1.305768971346771973e-02 1.045618597137744743e+00 -7.849338141077450912e-03 -1.291028162145728929e-02 9.998858012706338672e-01 8.703715303154525573e-01
9.997870534993795744e-01 -1.909276406175841254e-02 7.830003855680743585e-03 7.063596659842070835e+01 1.897485378294843164e-02 9.997093934847282037e-01 1.486610680139800918e-02 1.071884865993533165e+00 -8.111566036953380202e-03 -1.471437763608981000e-02 9.998588530158923904e-01 8.782004390503991287e-01
9.997868333144321884e-01 -1.891353541588023865e-02 8.283397072552180912e-03 7.182596233706472333e+01 1.877478643590189955e-02 9.996872742558606806e-01 1.651947750169654311e-02 1.097718211163707380e+00 -8.593251668035614341e-03 -1.636043760586299023e-02 9.998291924297073585e-01 8.856231107473265807e-01
9.997960539555460491e-01 -1.796880110402795938e-02 9.224412863876475105e-03 7.301235054351712961e+01 1.781082333445106053e-02 9.996980415385664509e-01 1.693254769486379416e-02 1.121138264191924305e+00 -9.525887128288437408e-03 -1.676480234850038012e-02 9.998141045058878129e-01 8.947152088215616361e-01
9.998246584716474761e-01 -1.593976974163130098e-02 9.828916953509705262e-03 7.419781645556105332e+01 1.575486215476891785e-02 9.997026713530738906e-01 1.861124238626641822e-02 1.143954280771658061e+00 -1.012265820949315512e-02 -1.845312219561241751e-02 9.997784701752790992e-01 9.031247924594766330e-01
9.998703612805860397e-01 -1.327212406673767241e-02 9.121872676033765046e-03 7.537593700749317804e+01 1.310594521453501034e-02 9.997513290222589388e-01 1.804177232994651561e-02 1.159931096731057432e+00 -9.359060893689628152e-03 -1.791987994274695656e-02 9.997956096971554185e-01 9.140151410682938460e-01
9.999348853306055940e-01 -1.080523083433766567e-02 3.665188553157647505e-03 7.655086922839146268e+01 1.075078802328014588e-02 9.998361754947961977e-01 1.456179281029455763e-02 1.168077641285861779e+00 -3.821933582336584350e-03 -1.452144777392176678e-02 9.998872391745985411e-01 9.220255984567152785e-01
9.999633296772251212e-01 -8.332655591555366767e-03 2.005710214314023083e-03 7.772637628479769489e+01 8.301361577182827731e-03 9.998510192485626780e-01 1.513566094607339194e-02 1.177439620261686137e+00 -2.131532825964993234e-03 -1.511845887910458729e-02 9.998834510742123927e-01 9.334779815634172140e-01
9.999673371280008993e-01 -5.486241517771731947e-03 5.939458218235343749e-03 7.890511286144943881e+01 5.399898226166884897e-03 9.998808998652497504e-01 1.445697466804306101e-02 1.183083604788622623e+00 -6.018067726864878390e-03 -1.442443358800400699e-02 9.998778630067496342e-01 9.488899501749080700e-01
9.999659918685620541e-01 -2.208275692893021599e-03 7.942242211206079067e-03 8.007921715291313092e+01 2.092423847967628345e-03 9.998917797505406657e-01 1.456568568557404207e-02 1.184908525745349328e+00 -7.973549845447121948e-03 -1.454857145674071095e-02 9.998623283808977247e-01 9.616749059635105734e-01
9.999816305864894783e-01 1.821375399780774318e-03 5.785167261110488179e-03 8.124526626369498672e+01 -1.908136558895497104e-03 9.998852479497138956e-01 1.502711780154888412e-02 1.185380850272552244e+00 -5.757135824137303570e-03 -1.503788329766402379e-02 9.998703214637970627e-01 9.706606050494603899e-01
9.999803148035427691e-01 5.340080311467930961e-03 3.285310148143100704e-03 8.240977717000990310e+01 -5.386102454561858023e-03 9.998852234806487882e-01 1.416305029954310728e-02 1.177570776808016806e+00 -3.209303068984190044e-03 -1.418046721487915308e-02 9.998942617158088630e-01 9.824669385034694447e-01
9.999612456633578672e-01 8.793794004731405115e-03 -5.324145283169992408e-04 8.356850022703720526e+01 -8.786269014361853050e-03 9.998796400303100462e-01 1.278718404427665531e-02 1.164527761388179705e+00 6.447972883572277575e-04 -1.278201631033310665e-02 9.999181143063324839e-01 9.977817144013477746e-01
9.999255736654356630e-01 1.210155423698928284e-02 -1.569592694621028310e-03 8.472799915450144681e+01 -1.208193686868032704e-02 9.998555968854304643e-01 1.195476929874224499e-02 1.148671363543051660e+00 1.714036649234716280e-03 -1.193491328870854157e-02 9.999273294491344277e-01 1.014939215340944889e+00
9.998766931955870296e-01 1.570098938889712831e-02 3.980685983752563651e-04 8.588779757681346894e+01 -1.570459198481741550e-02 9.998073342570138466e-01 1.177699795447496173e-02 1.131295671411731263e+00 -2.130825922074105962e-04 -1.178179113801224726e-02 9.999305725473992545e-01 1.033033292907131306e+00
9.998087033380167465e-01 1.951196281888857575e-02 1.392791238692242615e-03 8.704218922219051535e+01 -1.952831594874991986e-02 9.997262129686022014e-01 1.289416785376214236e-02 1.110502551377170688e+00 -1.140821035987011961e-03 -1.291890796607289386e-02 9.999158836933812466e-01 1.050164267384983363e+00
9.997299130178524118e-01 2.322575478843608501e-02 -8.562567901613458684e-04 8.819484471967943762e+01 -2.321314479341341636e-02 9.996511674072208198e-01 1.259468164955076727e-02 1.083432014348131966e+00 1.148477860783651567e-03 -1.257140652665389435e-02 9.999203195749269968e-01 1.067303341808103934e+00
9.996416782846908600e-01 2.655499391889667646e-02 -3.376632025767787280e-03 8.934431207743648429e+01 -2.651162228935671078e-02 9.995728367845714279e-01 1.230064078528427321e-02 1.051769758414050182e+00 3.701832460397582424e-03 -1.220670817995885872e-02 9.999185849307380414e-01 1.084229563663409390e+00
9.995483615890974338e-01 2.982020766664673569e-02 -3.709045995122206216e-03 9.049449952147985243e+01 -2.977210680241235141e-02 9.994796437962317759e-01 1.240959427589144806e-02 1.016646184735598535e+00 4.077173384741675927e-03 -1.229355927492229231e-02 9.999160946146712359e-01 1.103358420435034182e+00
9.994629736684030874e-01 3.267512376622439679e-02 -2.468550804985392925e-03 9.164782410720356154e+01 -3.264589293022139571e-02 9.994056101401967984e-01 1.107689908972909164e-02 9.765864071650371958e-01 2.829022015498503569e-03 -1.099036603550599539e-02 9.999356161914005892e-01 1.123235637314026425e+00
9.993707749513338623e-01 3.545048268352121723e-02 -1.121694478010179085e-03 9.280277129829524085e+01 -3.543702792048735589e-02 9.993184569345673340e-01 1.033591526425525764e-02 9.327927022469323370e-01 1.487343611907322683e-03 -1.028966393784079038e-02 9.999459681140991929e-01 1.141510721042453769e+00
9.992707286174294934e-01 3.817581117682255359e-02 7.541183902793848924e-04 9.395884743388684512e+01 -3.818126406368620163e-02 9.992254330236708393e-01 9.528861471375438263e-03 8.856283441209774621e-01 -3.897621820962538603e-04 -9.550706987084897279e-03 9.999543383588997969e-01 1.158827328987043881e+00
9.991730709969455226e-01 4.061390480887770715e-02 1.913547839162128058e-03 9.511450860307354560e+01 -4.062862648449745012e-02 9.991389379561795847e-01 8.411585807378925070e-03 8.341824874081075203e-01 -1.570273247886823332e-03 -8.482376054567076357e-03 9.999627910468750214e-01 1.175739032212941071e+00
9.990782554294850293e-01 4.292545421017491397e-02 -2.607472235463912259e-04 9.626718245925060558e+01 -4.292250673754350460e-02 9.990528874176869412e-01 7.135235465167542694e-03 7.804210184529433159e-01 5.667823079747429799e-04 -7.117467437715698474e-03 9.999744571528283998e-01 1.191596562213138366e+00
9.989716399346029174e-01 4.517517488685359600e-02 -3.863121327855666403e-03 9.742477951719098428e+01 -4.515281814205033412e-02 9.989639397641003615e-01 5.690796038860198615e-03 7.223366024377838590e-01 4.116201447924862887e-03 -5.510512477994562730e-03 9.999763203012971280e-01 1.207772404174578762e+00
9.988577347183227317e-01 4.727162784417331121e-02 -6.973443420101853654e-03 9.858368635448039186e+01 -4.722970256336931488e-02 9.988656438378265001e-01 6.059486812159024273e-03 6.642114104579180944e-01 7.251975416014097217e-03 -5.723212280052477827e-03 9.999573214438511881e-01 1.225783729368846053e+00
9.987714464284532800e-01 4.890797158342611445e-02 -7.974122109437783643e-03 9.975116391245944669e+01 -4.885906316437446661e-02 9.987863358735673547e-01 6.217458894768951132e-03 6.034633352536283857e-01 8.268528555652273140e-03 -5.820211844608810456e-03 9.999488176979797194e-01 1.247110930862383116e+00
9.987468873327410845e-01 4.950553077869494778e-02 -7.346460151768358267e-03 1.009257063562987611e+02 -4.945981739336744593e-02 9.987563486803242574e-01 6.279419655572628794e-03 5.426132670720310580e-01 7.648190053460153862e-03 -5.908196677903532895e-03 9.999532639869348483e-01 1.270028959752037112e+00
9.987977162071945969e-01 4.873146526638912762e-02 -5.335773147037489207e-03 1.021065015011881201e+02 -4.869666984029193818e-02 9.987927034196698584e-01 6.468146313518073620e-03 4.821723911309554467e-01 5.644532844125980768e-03 -6.200534888328489494e-03 9.999647803731358531e-01 1.293132694350298761e+00
9.988714391402071513e-01 4.734632838466886623e-02 -3.754284201635039488e-03 1.032907502905799078e+02 -4.732422744326342939e-02 9.988629021051543821e-01 5.773386928864424755e-03 4.214707728068077253e-01 4.023363994918751838e-03 -5.589202295331910549e-03 9.999762587546389137e-01 1.315582579793397766e+00
9.989668486181786378e-01 4.533805636420549373e-02 -3.120294036112225208e-03 1.044820164978660983e+02 -4.531861982308703352e-02 9.989543066374390046e-01 6.040379091663394991e-03 3.612872090283673066e-01 3.390889652887429245e-03 -5.892731483384267520e-03 9.999768447443827535e-01 1.337374774619737750e+00
9.990772935184409898e-01 4.287184045180312403e-02 -2.549944912470354218e-03 1.056799685889139653e+02 -4.285544985433992898e-02 9.990621820351732740e-01 6.171392482604913868e-03 3.052644955297910689e-01 2.812133310831553285e-03 -6.056420754452935748e-03 9.999777244463859960e-01 1.357602065657816048e+00
9.992056987033863802e-01 3.976655998365215966e-02 -2.584728928030795118e-03 1.068792746283426567e+02 -3.974868450106089357e-02 9.991877435764616733e-01 6.633872310052039457e-03 2.524486893274356936e-01 2.846435069300956491e-03 -6.525864134101012556e-03 9.999746577201521491e-01 1.378019372125655062e+00
9.993473914341021169e-01 3.600718296176722705e-02 -2.891893238074351013e-03 1.080839639059962849e+02 -3.598284464024036761e-02 9.993198298357184317e-01 8.069217977473817222e-03 2.059482956150024691e-01 3.180475593756817900e-03 -7.959894064817689754e-03 9.999632787301796499e-01 1.398270411151615766e+00
9.994810176296446969e-01 3.209573644834293193e-02 -2.738295240708516452e-03 1.092906960368503633e+02 -3.207237931979209367e-02 9.994520793551439075e-01 8.184789239218000917e-03 1.619754113822821640e-01 2.999491720845862564e-03 -8.092717622441833458e-03 9.999627030152115070e-01 1.418883820673432883e+00
9.996056115479243775e-01 2.803440225128591562e-02 -1.655764788505223245e-03 1.105038157531159584e+02 -2.801878123498062131e-02 9.995686409835065067e-01 8.804320706075422984e-03 1.222093470824356098e-01 1.901873530779710003e-03 -8.754456707374404581e-03 9.999598474685693628e-01 1.440928303274916278e+00
9.997187836220902124e-01 2.369945061309232034e-02 -8.817264826315786850e-04 1.117196180325001791e+02 -2.369061042004318510e-02 9.996791739478967376e-01 8.962433896291014182e-03 8.780542954967729408e-02 1.093846644893059624e-03 -8.939025437032371846e-03 9.999594424300132234e-01 1.461864297138373292e+00
9.998149339838420246e-01 1.923880203172164197e-02 -1.838039226467845641e-04 1.129361213633404759e+02 -1.923633689687643741e-02 9.997736387573699091e-01 9.088045429875020453e-03 5.805465486526075608e-02 3.586036575045623877e-04 -9.082828259078778652e-03 9.999586272587881464e-01 1.481734403366947728e+00
9.998956852642234550e-01 1.444431874522616836e-02 -4.132428293840857545e-05 1.141549926890501325e+02 -1.444328873522616845e-02 9.998511764402547852e-01 9.440721305718912867e-03 3.517531043551116315e-02 1.776821834526227191e-04 -9.439140035878396118e-03 9.999554382955219145e-01 1.500464893942287992e+00
9.999548347391733483e-01 9.500301383747316100e-03 -7.915685644398250467e-05 1.153753751601418998e+02 -9.498992931115200072e-03 9.999024832917583483e-01 1.024000522540747735e-02 1.893454165001136336e-02 1.764323327486637947e-04 -1.023879502008414114e-02 9.999475819690685219e-01 1.520092782895187788e+00
9.999896270717568703e-01 4.543090167170570418e-03 -4.205572981932363306e-04 1.165986603594709976e+02 -4.538320448992450191e-03 9.999321733872891249e-01 1.072413005141682751e-02 7.394283706661517255e-03 4.692483518996847023e-04 -1.072211869269229859e-02 9.999423995409543187e-01 1.541010566807001103e+00
9.999994170423796014e-01 -1.033376581637909271e-04 -1.064043542349367433e-03 1.178243547528169586e+02 1.156532966595076947e-04 9.999329779068878432e-01 1.158095832349617139e-02 1.945963085608559944e-03 1.062774536915911307e-03 -1.158107558420168152e-02 9.999323050507329391e-01 1.563577285903316794e+00
9.999918060223234040e-01 -3.798317302269067688e-03 -1.412612904064116694e-03 1.190527912330091596e+02 3.816898542137766963e-03 9.999030080413382482e-01 1.339314108660647970e-02 3.107520409691178886e-03 1.361603951479493577e-03 -1.339842683936852234e-02 9.999092859363388763e-01 1.585950221230493451e+00
9.999816319767985684e-01 -5.932352131253835169e-03 -1.248685039175730397e-03 1.202844811347813874e+02 5.951257281765507355e-03 9.998586221697675080e-01 1.572400903742391179e-02 9.255992137618976323e-03 1.155226253751318218e-03 -1.573114794491218410e-02 9.998755458534344109e-01 1.608224198786402548e+00
9.999750014694436251e-01 -6.900359604886396186e-03 -1.548510509282292891e-03 1.215145359716278222e+02 6.925219800400585039e-03 9.998370364271951249e-01 1.666911822810842464e-02 1.633361755845871496e-02 1.433234439081177477e-03 -1.667941965535276252e-02 9.998598621033614187e-01 1.629489197136579026e+00
9.999673652284075676e-01 -8.001010927260045896e-03 -1.158624802327762847e-03 1.227558357938478224e+02 8.021376210784320754e-03 9.997912315364703151e-01 1.879239366468883621e-02 2.711499925636803518e-02 1.008023312430298898e-03 -1.880106811786683499e-02 9.998227032351222343e-01 1.648873245346332617e+00
9.999592194559261404e-01 -9.032874438494240682e-03 -1.215961802720351732e-05 1.239965918961600124e+02 9.031276596660801903e-03 9.997551966722403316e-01 2.019785187298665796e-02 3.832049710973040729e-02 -1.702892206560333575e-04 -2.019714242357005182e-02 9.997959838718337711e-01 1.668174225013203227e+00
9.999521193293454679e-01 -9.787556921268831395e-03 -5.710270121160677449e-05 1.252379616748963258e+02 9.786708398659745706e-03 9.997473975388890821e-01 2.023117006591854811e-02 4.905258319998721112e-02 -1.409270909122469428e-04 -2.023076990324149810e-02 9.997952831317656885e-01 1.687626753443736360e+00
9.999415067182713113e-01 -1.070096958655418484e-02 1.603203531270149928e-03 1.264843418281032115e+02 1.066035873004730558e-02 9.996671262886271947e-01 2.349615299611754540e-02 6.637400524939789104e-02 -1.854104789099031859e-03 -2.347769494561844847e-02 9.997225669931016911e-01 1.702936095362177937e+00
9.999250538118816811e-01 -1.138378851493129611e-02 4.504497319295747496e-03 1.277347111130654582e+02 1.126716293364087192e-02 9.996209932819573041e-01 2.512043966673172327e-02 8.312288982276488936e-02 -4.788757672359995193e-03 -2.506780671660000653e-02 9.996742529061615201e-01 1.717610982267986586e+00
9.999134936837933418e-01 -1.216449535915611023e-02 5.005224807651110011e-03 1.289845691366570009e+02 1.204054289565615297e-02 9.996373285532645925e-01 2.408958552689007340e-02 9.751349699462087683e-02 -5.296448534497157079e-03 -2.402723737988846087e-02 9.996972777629424822e-01 1.727811474240356748e+00
9.999153229152178968e-01 -1.264386986152797425e-02 3.088238418781506529e-03 1.302347339831449347e+02 1.256687531415116160e-02 9.996379135324331422e-01 2.379380637641429624e-02 1.121603385381461926e-01 -3.387968836249780676e-03 -2.375297728552611815e-02 9.997120635523494281e-01 1.736023561426212947e+00
9.999034336345430374e-01 -1.336948631431486220e-02 3.800551573119199771e-03 1.314904028718131030e+02 1.328654080879721963e-02 9.996897300536655706e-01 2.107021849713602152e-02 1.234047124722424810e-01 -4.081072344628834843e-03 -2.101769471629651512e-02 9.997707363117915857e-01 1.746273705027582279e+00
9.998795619032483373e-01 -1.441878015269269613e-02 5.740654834502518719e-03 1.327485688835627116e+02 1.430906313775049538e-02 9.997225231987552085e-01 1.871412186841635295e-02 1.335416923055575411e-01 -6.008897179108354039e-03 -1.862972091567839661e-02 9.998084148979966557e-01 1.757501518046501898e+00
9.998623651538700585e-01 -1.473656471440924938e-02 7.621323625610924336e-03 1.340112230088999468e+02 1.461376920434692694e-02 9.997664131509368390e-01 1.592426970339158240e-02 1.465668423298027156e-01 -7.854215603798991169e-03 -1.581069438533881655e-02 9.998441216951933219e-01 1.766607101934698276e+00
9.998415807104208408e-01 -1.507089276288611432e-02 9.473824224888186679e-03 1.352748661182826595e+02 1.493589769488684257e-02 9.997881937850435774e-01 1.416214245362912467e-02 1.604646370222357066e-01 -9.685256327127659756e-03 -1.401839562645161054e-02 9.998548255045359712e-01 1.773935047869392045e+00
9.998604222782998541e-01 -1.490950398711257847e-02 7.545194407995442845e-03 1.365381022362327599e+02 1.483539054823977514e-02 9.998421236191177286e-01 9.784752029017381239e-03 1.717487279239362785e-01 -7.689891643094976491e-03 -9.671450955855556003e-03 9.999236541025824376e-01 1.779116593060410922e+00
9.998719357359872051e-01 -1.489127010358358948e-02 5.867393271290876310e-03 1.378049705826280729e+02 1.484935884190633458e-02 9.998643656011646508e-01 7.123860483858063947e-03 1.822957820031599063e-01 -5.972682932093489189e-03 -7.035821605994532595e-03 9.999573986628481626e-01 1.786370073219990084e+00
9.998749126205421778e-01 -1.469375967238127460e-02 5.851988503184736741e-03 1.390723800012237916e+02 1.466137736236104369e-02 9.998771601889733240e-01 5.538187679806232978e-03 1.948127742089565684e-01 -5.932648502691639618e-03 -5.451697689631317470e-03 9.999675271904849838e-01 1.795473137038894107e+00
9.998762230649369531e-01 -1.442768991513054821e-02 6.272026305329920191e-03 1.403463357619422993e+02 1.439329919393860999e-02 9.998813284226631959e-01 5.492881759647530449e-03 2.112104907842237700e-01 -6.350534138360986423e-03 -5.401927487274978124e-03 9.999652485124003176e-01 1.805590553228441308e+00
9.998729920191086196e-01 -1.375383078565018367e-02 8.053041725801545966e-03 1.416219901905193694e+02 1.370678875165612896e-02 9.998888912476261437e-01 5.867213476997918190e-03 2.281647333219615770e-01 -8.132846719288277376e-03 -5.756085874969173698e-03 9.999503167332653986e-01 1.814867830948729388e+00
9.998661311642236260e-01 -1.311198169347857663e-02 9.787450248485983148e-03 1.428964416550105057e+02 1.302905166994015179e-02 9.998791190110365434e-01 8.489560431172063493e-03 2.478653340213016476e-01 -9.897584478131193561e-03 -8.360903227827572171e-03 9.999160498247401385e-01 1.823337499991639410e+00
9.998811678454923024e-01 -1.252510301123240313e-02 8.992191820281424455e-03 1.441692844969483076e+02 1.244814883912763979e-02 9.998858340759100294e-01 8.563394335464512286e-03 2.641307148698606722e-01 -9.098426059205933294e-03 -8.450441948384962085e-03 9.999228980785977994e-01 1.830345523667293417e+00
9.999067041916429588e-01 -1.207866953013650262e-02 6.385047356953647661e-03 1.454402880693057796e+02 1.202184380426702011e-02 9.998884799785345834e-01 8.864451811838496356e-03 2.798336153970966689e-01 -6.491409064875231991e-03 -8.786864767320426081e-03 9.999403158298225680e-01 1.837187010547887800e+00
9.999230488813967144e-01 -1.162823431610632806e-02 4.318644311722706630e-03 1.467101595755447931e+02 1.158890299779636104e-02 9.998921628574986009e-01 9.021776933580461649e-03 2.956565348614493272e-01 -4.423087068783034849e-03 -8.971036363000008465e-03 9.999499882611049273e-01 1.847868153316531759e+00
9.999360264987633418e-01 -1.131349111531960647e-02 2.082488872230913433e-04 1.479771015285774354e+02 1.131153858235541161e-02 9.999060777911299436e-01 7.738306580591235162e-03 3.085151741815949644e-01 -2.957786162004121065e-04 -7.735455319150912751e-03 9.999699957101069181e-01 1.862423863655096490e+00
9.999367962167814428e-01 -1.075929222307073913e-02 -3.276671341717329877e-03 1.492429094518691670e+02 1.078466669493386744e-02 9.999112307702399116e-01 7.826806098262303196e-03 3.230366133816594543e-01 3.192168732275952117e-03 -7.861649250061920891e-03 9.999639730129789017e-01 1.878852968957636316e+00
9.999344360835759060e-01 -1.057252563077030680e-02 -4.396215573781638714e-03 1.505084252580372777e+02 1.060565741500365221e-02 9.999150074555813728e-01 7.582359828055672962e-03 3.365888319262847483e-01 4.315676308914587547e-03 -7.628488712994456120e-03 9.999615564608429485e-01 1.900896259883681161e+00
9.999350369481710965e-01 -1.066887733588560080e-02 -4.010049790966412932e-03 1.517724710030877020e+02 1.069838315710851945e-02 9.999153841907014728e-01 7.408173920787476316e-03 3.488339636542183708e-01 3.930673087808365593e-03 -7.450593963914357333e-03 9.999644788611276036e-01 1.926633368242249844e+00
9.999366934055076150e-01 -1.064159300603440168e-02 -3.665772054919948231e-03 1.530413011119792657e+02 1.067084350646850879e-02 9.999106540154873990e-01 8.054313566993714577e-03 3.639705800262006408e-01 3.579732736523764686e-03 -8.092920516729088312e-03 9.999608525790051328e-01 1.949605972121894792e+00
9.999375084187877016e-01 -1.090735351255465307e-02 -2.456158027048314929e-03 1.543050900189325887e+02 1.092873296323376708e-02 9.999009693096333473e-01 8.865452966232364312e-03 3.786906147740852213e-01 2.359214272813114650e-03 -8.891741302050793980e-03 9.999576222715793605e-01 1.972135227648774469e+00
9.999358520030369180e-01 -1.117119743550198940e-02 -1.894666469576205322e-03 1.555703183616980994e+02 1.118841419141904971e-02 9.998938311428647863e-01 9.333813302903060105e-03 3.954321452351127753e-01 1.790193852521052269e-03 -9.354414030587244674e-03 9.999546168540985880e-01 1.991963550365258628e+00
9.999291041250538692e-01 -1.170981053075991277e-02 -2.154467873806107086e-03 1.568340793294059949e+02 1.172998058523054034e-02 9.998851574981444390e-01 9.598711492579348192e-03 4.105256960161775548e-01 2.041819838755455120e-03 -9.623303305521024864e-03 9.999515383768020627e-01 2.011076806300948761e+00
