9.999999000017876227e-01 -6.986264684464206641e-11 4.812787846914029865e-10 2.920621999802364144e-08 -6.986271326017717703e-11 9.999999999998093747e-01 9.429891975623739266e-12 2.091437439899479500e-11 4.812788132669987257e-10 9.429900135715308669e-12 9.999999999984031662e-01 -1.404220212330997697e-10
9.999970919755979404e-01 -2.060675204036918097e-03 -1.172859673821813505e-03 8.587678402508788222e-01 2.061276651318103958e-03 9.999978196865914049e-01 5.118395254601800773e-04 4.651645409095304246e-02 1.171802889678935991e-03 -5.142546217611088663e-04 9.999991883378105406e-01 2.224040087625295953e-02
9.999886680322580546e-01 -4.117606224430190795e-03 -2.346198492786336336e-03 1.716423888092664773e+00 4.120003935208678414e-03 9.999910786837942211e-01 1.018119501342305399e-03 9.297062494390836984e-02 2.341987024474617880e-03 -1.027773740123042552e-03 9.999967532839475481e-01 4.445079147062732522e-02
9.999746282001990005e-01 -6.176113473660808061e-03 -3.523045124631078284e-03 2.575189662200977114e+00 6.181498976968906496e-03 9.999797771726705031e-01 1.520139379148786798e-03 1.394828852472590475e-01 3.513585055176896097e-03 -1.541878562427310886e-03 9.999925946271304156e-01 6.668877427653692458e-02
9.999549727328282955e-01 -8.231117198195411072e-03 -4.700478437496354370e-03 3.432951884254292985e+00 8.240669842389632821e-03 9.999640149372012177e-01 2.016662632899541164e-03 1.859387052209302560e-01 4.683711621944063215e-03 -2.055307277817716022e-03 9.999869123299705009e-01 8.889949629303194045e-02
9.999297015842677494e-01 -1.028741611591915163e-02 -5.881243249851353556e-03 4.291718726353152213e+00 1.030231398062973064e-02 9.999437923355779523e-01 2.508840003703687559e-03 2.324468334890994470e-01 5.855103668668923574e-03 -2.569253383543888998e-03 9.999795060801541791e-01 1.111351650237203115e-01
9.998988150672386555e-01 -1.234013299356420158e-02 -7.062515099059940918e-03 5.149452015291788420e+00 1.236153814458792674e-02 9.999191089931260823e-01 2.995500478972443637e-03 2.788967926098577244e-01 7.024980464517665765e-03 -3.082501968994211770e-03 9.999705759396354532e-01 1.333426880970386974e-01
9.998623130739795473e-01 -1.439443637161125049e-02 -8.247274832026647851e-03 6.008324937679127231e+00 1.442351948965135341e-02 9.998899654749513477e-01 3.477867952136898776e-03 3.254065093089613114e-01 8.196307073012805769e-03 -3.596344756211439838e-03 9.999599214510691558e-01 1.555786706319957358e-01
9.998201959755879109e-01 -1.644501135277137358e-02 -9.432427124642452781e-03 6.866109304715755535e+00 1.648291327624772790e-02 9.998563611425047570e-01 3.954688600372458819e-03 3.718549919990540298e-01 9.366038334047980390e-03 -4.109451307860102938e-03 9.999476428819072948e-01 1.777850971140837177e-01
9.997724636484109917e-01 -1.849648495184584573e-02 -1.062064692984169070e-02 7.724754283451685133e+00 1.854436602622355074e-02 9.998182967005249111e-01 4.427035670170458362e-03 4.183478659394953558e-01 1.053683339617761394e-02 -4.622981009829848706e-03 9.999337396510641351e-01 2.000126892253227262e-01
9.997190162258167145e-01 -2.054751107987943387e-02 -1.181114248013832337e-02 8.583691853914697134e+00 2.060650153435898690e-02 9.997757720131343895e-01 4.894584454726762755e-03 4.648544929873542064e-01 1.170791768293964925e-02 -5.136593932142876837e-03 9.999182117610491138e-01 2.222465217098149315e-01
9.996601542513308125e-01 -2.259387172261995147e-02 -1.300145035537882826e-02 9.441169784919276609e+00 2.266509215689800627e-02 9.997287862913943890e-01 5.356385589487758052e-03 5.112797722429304192e-01 1.287690032297735335e-02 -5.649243613519148652e-03 9.999010594572746990e-01 2.444413588191722830e-01
9.995954772373231156e-01 -2.464216839581664584e-02 -1.419539179527114919e-02 1.029994542445088790e+01 2.472674840893027484e-02 9.996773408575326814e-01 5.813917623717894216e-03 5.577732557068221242e-01 1.404753847193138117e-02 -6.162571685153231393e-03 9.998822819051441657e-01 2.666686297036776065e-01
9.995252856769394345e-01 -2.668909046833716284e-02 -1.539104181958913554e-02 1.115864757198060886e+01 2.678814982757472818e-02 9.996215351100254942e-01 6.266435208189063098e-03 6.042605738224623435e-01 1.521797270748651010e-02 -6.675758084314893127e-03 9.998618792130351540e-01 2.888928633367638943e-01
9.994476512958453407e-01 -2.874264325348314941e-02 -1.667567472300701681e-02 1.201657745793564303e+01 2.886000261376783435e-02 9.995600914289635153e-01 6.840269315294258967e-03 6.507693147031975434e-01 1.647173478412831960e-02 -7.317752642925067635e-03 9.998375572751910800e-01 3.111847881437488916e-01
9.993939878052209291e-01 -3.063038485204995498e-02 -1.653019777983437757e-02 1.287096918226315800e+01 3.072275207998910809e-02 9.995135963097623311e-01 5.363266600249732077e-03 6.960151022564666778e-01 1.635787227179557810e-02 -5.867869485334078865e-03 9.998489158850167868e-01 3.319619309314769118e-01
9.992809247466274414e-01 -3.281789820113168582e-02 -1.898637799168431325e-02 1.373282312506037428e+01 3.296698349432627961e-02 9.994276550929526159e-01 7.593185403394460756e-03 7.436039985006676067e-01 1.872632551000701084e-02 -8.213650242221986683e-03 9.997909201604199270e-01 3.555076297442097411e-01
9.991723823135657545e-01 -3.443485646063385031e-02 -2.164725189720553139e-02 1.460165979233222444e+01 3.462436480409331052e-02 9.993647589779742768e-01 8.441565686598350923e-03 7.927719072354771912e-01 2.134281380241999371e-02 -9.184104937262144858e-03 9.997300587084601009e-01 3.789391793074973203e-01
9.990569314908496201e-01 -3.635533071194273907e-02 -2.373841272373109976e-02 1.548104400435340366e+01 3.664952884013460838e-02 9.992552399787133499e-01 1.207834428378191417e-02 8.479688270174612352e-01 2.328162392278334755e-02 -1.293695781377504975e-02 9.996452285304371355e-01 4.038648660654801659e-01
9.990138783840813996e-01 -3.769262342294761592e-02 -2.346015963972311255e-02 1.637106455203431921e+01 3.801003778239336189e-02 9.991898081130781151e-01 1.323415338118798940e-02 9.004391444333729178e-01 2.294232433637919191e-02 -1.411282676726297210e-02 9.996371135028404575e-01 4.289241728304074019e-01
9.989894046781461201e-01 -3.931541358358695698e-02 -2.178183748039611012e-02 1.727089115040037370e+01 3.960416154207686834e-02 9.991310536902796580e-01 1.298764832757555443e-02 9.537666188991059668e-01 2.125229991066445931e-02 -1.383718095510908311e-02 9.996783416315743187e-01 4.552604203197106458e-01
9.989584022747810543e-01 -4.084473331639662530e-02 -2.034166755233348875e-02 1.817536119986326071e+01 4.111802476328544481e-02 9.990671238005178756e-01 1.320326768076556488e-02 1.004197153291779721e+00 1.978341003411710625e-02 -1.402593378541748884e-02 9.997058739247010051e-01 4.804604433152592780e-01
9.989185344591947624e-01 -4.203719840600834978e-02 -1.986440804105355992e-02 1.908648165648381578e+01 4.229475057836409174e-02 9.990241434381224028e-01 1.272842149137694799e-02 1.058696094119699893e+00 1.930995752648832428e-02 -1.355482269121830417e-02 9.997216221026831162e-01 5.039760708681287893e-01
9.988298849209742425e-01 -4.378339394321494743e-02 -2.053537688805470024e-02 1.999972918075430783e+01 4.405421880945041557e-02 9.989455554234913937e-01 1.292668249789597802e-02 1.110788422427077426e+00 1.994774967175109298e-02 -1.381623260099444986e-02 9.997055596555342039e-01 5.275127862815077728e-01
9.987583413502288954e-01 -4.485083866284336751e-02 -2.168227017372313659e-02 2.091630637461336306e+01 4.510094412179976864e-02 9.989198472085664138e-01 1.118692604644385552e-02 1.163771335826280895e+00 2.115710931753411739e-02 -1.215092852094972614e-02 9.997023114412046940e-01 5.514579538397456071e-01
9.987554752169879313e-01 -4.564730185383950728e-02 -2.009310579913864761e-02 2.184329483815209372e+01 4.587345457611271410e-02 9.988873807766343038e-01 1.094192518043657185e-02 1.216179670741116325e+00 1.957128053584075364e-02 -1.185005053792634842e-02 9.997382440063776743e-01 5.753337078537920091e-01
9.988227471837888283e-01 -4.570912894785827268e-02 -1.623707885037049825e-02 2.277757165784913340e+01 4.591667808772818132e-02 9.988652332082234020e-01 1.264825598570091213e-02 1.272986329681018214e+00 1.564051521188905211e-02 -1.337892101554053435e-02 9.997881196079877464e-01 6.019202751286285569e-01
9.989111125177134731e-01 -4.492977278597187762e-02 -1.256441437013849395e-02 2.371315816018421785e+01 4.509811706115400554e-02 9.988920708365670587e-01 1.345193843945161061e-02 1.327494783882300133e+00 1.194610093294784861e-02 -1.400392193295195604e-02 9.998305166457195359e-01 6.291841138444389525e-01
9.990026905088271736e-01 -4.353002360464810344e-02 -9.928245112334223993e-03 2.465567093886716421e+01 4.365300033150273235e-02 9.989682943119068126e-01 1.252532442462066589e-02 1.379001508005738508e+00 9.372774527892036023e-03 -1.294623848439689813e-02 9.998722151792660551e-01 6.515259235509285318e-01
9.990752010507288894e-01 -4.210278903948815737e-02 -8.711921459391121572e-03 2.560105616324396749e+01 4.220857811031944462e-02 9.990326680987127173e-01 1.233753268060351974e-02 1.430557239537091796e+00 8.184051218832175817e-03 -1.269384331284291803e-02 9.998859308505583243e-01 6.701708659307281657e-01
9.990997051881247426e-01 -4.089832236575851460e-02 -1.127279807270031332e-02 2.654881981026177229e+01 4.103947160987533871e-02 9.990782559958478748e-01 1.258870437186477946e-02 1.481584219235514865e+00 1.074754987296939329e-02 -1.304000321051404856e-02 9.998572388160273938e-01 6.875847525234024538e-01
9.990661306588728419e-01 -3.989838432133605006e-02 -1.658135117259247962e-02 2.750024984049159116e+01 4.012566008639723014e-02 9.991020275809154860e-01 1.360780314836607975e-02 1.533132817288141769e+00 1.602352975269228513e-02 -1.426043159406437458e-02 9.997699417602115002e-01 7.064785155195834054e-01
9.990519178242874831e-01 -3.863910131006572518e-02 -2.005630850558824327e-02 2.845862129212368430e+01 3.890248386301624339e-02 9.991595831941576522e-01 1.291215760442405470e-02 1.582212695298240934e+00 1.954053644983290081e-02 -1.368015703974436240e-02 9.997153989815548147e-01 7.272423821356301943e-01
9.991032857971513526e-01 -3.796440819796671751e-02 -1.874010109338010432e-02 2.942713017035334033e+01 3.816569241305112908e-02 9.992162544026943483e-01 1.050257630837976401e-02 1.629330191490159230e+00 1.832669215441387611e-02 -1.120838293840964103e-02 9.997691598001541280e-01 7.511741283640513966e-01
9.991740016413068748e-01 -3.822612361351616223e-02 -1.378036244041336289e-02 3.040300359801015873e+01 3.834943830349518690e-02 9.992257231642374116e-01 8.798269982822458021e-03 1.677032801998945777e+00 1.343337248862244357e-02 -9.319472186696497323e-03 9.998662751944558114e-01 7.742568804573387586e-01
9.991848118725867867e-01 -3.920970336828831504e-02 -9.605612415033722151e-03 3.138263943813403500e+01 3.926413660767027330e-02 9.992134875773820424e-01 5.544746938699980296e-03 1.724753329707137794e+00 9.380650028526600279e-03 -5.917384956149584346e-03 9.999385005500310841e-01 7.967449731942861657e-01
9.991406309838858357e-01 -4.030163720423438067e-02 -9.679964642895761903e-03 3.236226036137930606e+01 4.028271473791027874e-02 9.991861093667172566e-01 -2.141570111109757004e-03 1.764382461043366046e+00 9.758394647338058253e-03 1.749795557310095812e-03 9.999508596493970058e-01 8.145773774866830186e-01
9.990303724307950661e-01 -4.190593077289261198e-02 -1.349445431991000595e-02 3.334135308996822999e+01 4.183893232096635995e-02 9.991108258945009535e-01 -5.209409478828423007e-03 1.810897937668163982e+00 1.370075926350297450e-02 4.639765641060531604e-03 9.998954016747040319e-01 8.302034552823576163e-01
9.988960394155080857e-01 -4.341922566675544826e-02 -1.792839393640925649e-02 3.432518012999488377e+01 4.334687282199339853e-02 9.990504405924740539e-01 -4.404298595036086443e-03 1.865579723467178042e+00 1.810260384137505132e-02 3.622299550732606486e-03 9.998295199920176346e-01 8.504813733980728374e-01
9.987879878208500983e-01 -4.530216802208537202e-02 -1.923760477780698391e-02 3.533612681583088033e+01 4.523634155293976972e-02 9.989689904199989812e-01 -3.843395101265333676e-03 1.924326911878254887e+00 1.939188568673707799e-02 2.968500603288217344e-03 9.998075217591511077e-01 8.851514564506099969e-01
9.987773463652093175e-01 -4.638242783792683593e-02 -1.710000714542126571e-02 3.639318924270116895e+01 4.632197622984066121e-02 9.989189563450387999e-01 -3.914654925736665327e-03 1.987962272723116541e+00 1.726308934529858369e-02 3.117764745148546898e-03 9.998460972897519339e-01 9.433434644859697293e-01
9.987761300449295998e-01 -4.739713843646951863e-02 -1.413112173922201342e-02 3.743467805937325465e+01 4.739345666995300327e-02 9.988761516070525648e-01 -5.953907113080790644e-04 2.055256297491474538e+00 1.414346610718649963e-02 -7.505938665584144633e-05 9.998999183480176134e-01 9.925924096496243632e-01
9.987268516630830595e-01 -4.869588149988614972e-02 -1.316366979927619495e-02 3.847808453243580118e+01 4.869531138376583662e-02 9.988136136714815816e-01 -3.641215782059829494e-04 2.120788546576096500e+00 1.316578423825395458e-02 -2.773499097560082425e-04 9.999132346654352466e-01 1.041059295607163815e+00
9.987044507065131471e-01 -4.970330691789581062e-02 -1.090712452919633674e-02 3.951061014650048264e+01 4.971177990230844779e-02 9.987635045856104732e-01 5.078178427382813200e-04 2.184697570779193576e+00 1.086839551238952088e-02 -1.049371433120169618e-03 9.999403447078761831e-01 1.078888774502618775e+00
9.987347281833706125e-01 -4.979009516937932950e-02 -7.059101302643830053e-03 4.054597850204000764e+01 4.979215635651488420e-02 9.987596616527256721e-01 1.172980973898473810e-04 2.249946077848610226e+00 7.044504373593560645e-03 -4.686354441201033929e-04 9.999750101639035549e-01 1.116983835322791663e+00
9.987195586772227296e-01 -5.027117650605091026e-02 -5.644155669845839045e-03 4.156880228908755726e+01 5.030537723799460154e-02 9.987153641096652157e-01 6.091262455084852680e-03 2.324178406438611066e+00 5.330690629158927989e-03 -6.367394769148129047e-03 9.999654772131119085e-01 1.144407455024113451e+00
9.987252890524641602e-01 -5.018996744562349843e-02 -5.362044215954936931e-03 4.259092551995264131e+01 5.022482202961009445e-02 9.987163415152656709e-01 6.577694237139137569e-03 2.394237495498549695e+00 5.025026608703847021e-03 -6.838617423262964568e-03 9.999639694322702832e-01 1.171606491560768681e+00
9.987076612051466462e-01 -5.031988856507681879e-02 -7.132720029565763412e-03 4.360097274150386681e+01 5.036504575223617330e-02 9.987110752217760457e-01 6.299945024231444479e-03 2.459923057624299858e+00 6.806513179029861395e-03 -6.651043415527456773e-03 9.999546635730772737e-01 1.193107064069855783e+00
9.986958941357837460e-01 -5.005080540416254054e-02 -1.006486733288700086e-02 4.460587841623710403e+01 5.013801205537148087e-02 9.987052456557262703e-01 8.607375501438240331e-03 2.531006512727653313e+00 9.621030897774354024e-03 -9.100783947937665305e-03 9.999122602084898892e-01 1.218931729031115685e+00
9.986455939108360713e-01 -5.102307778921925940e-02 -1.017751959270177774e-02 4.560700922210048702e+01 5.110954470537720784e-02 9.986575662902298367e-01 8.425243900767490773e-03 2.595028234485048380e+00 9.733975483940889711e-03 -8.934002943380795272e-03 9.999127397989340249e-01 1.249238431066264754e+00
9.985918735564176529e-01 -5.235537429110505292e-02 -8.543171471277156634e-03 4.660650336922090275e+01 5.241139246567255716e-02 9.986046813898190599e-01 6.471213708296954907e-03 2.656612671070724740e+00 8.192448859538783643e-03 -6.909861557120427697e-03 9.999425450537634541e-01 1.276880938873978577e+00
9.985533667146382353e-01 -5.323608769838797383e-02 -7.548701154989646660e-03 4.760148593909935499e+01 5.328665156765980543e-02 9.985571032430246019e-01 6.663163483458875089e-03 2.723590288215310462e+00 7.183089147957146675e-03 -7.055770174644998387e-03 9.999493300423372144e-01 1.306606124113204981e+00
9.985201417148885650e-01 -5.347846558075333018e-02 -9.876024107050167949e-03 4.858736586447962935e+01 5.357168192881764379e-02 9.985195117016849586e-01 9.428575476862849358e-03 2.795738393585557979e+00 9.357176361959674074e-03 -9.943695221643022303e-03 9.999067465834265978e-01 1.334122792369906829e+00
9.984139431811085430e-01 -5.416653907507323201e-02 -1.534671423195003298e-02 4.956470432835938311e+01 5.432091914273042693e-02 9.984751886935699927e-01 9.828205499524690289e-03 2.866288982260937424e+00 1.479095591138424905e-02 -1.064627134981552432e-02 9.998338681253213789e-01 1.359141088210969350e+00
9.983761296276194575e-01 -5.462042233480389475e-02 -1.617109338250183673e-02 5.054656613059482595e+01 5.478998796743241029e-02 9.984455092505595264e-01 1.023538072791321980e-02 2.932994868807392574e+00 1.558690169562277489e-02 -1.110477965818126335e-02 9.998168611218208879e-01 1.383755956482127125e+00
9.984054104969132259e-01 -5.495820479548808174e-02 -1.289022288052575280e-02 5.152767716114604468e+01 5.508694057436262781e-02 9.984329727269963817e-01 9.854298109432422376e-03 2.997584210590627407e+00 1.232844858641219364e-02 -1.054867110164013633e-02 9.998683167760905599e-01 1.415896504560772540e+00
9.984225273293131364e-01 -5.531101478585585124e-02 -9.640707101205233526e-03 5.250459091273044265e+01 5.538099598720323119e-02 9.984397562839629758e-01 7.150509249133451053e-03 3.060939267296336475e+00 9.230163752825728402e-03 -7.673142188727596902e-03 9.999279163867238474e-01 1.442561255947293564e+00
9.984147179400002514e-01 -5.560620284401648211e-02 -8.713615742512330342e-03 5.347478312766710218e+01 5.565893197801740494e-02 9.984322672486147798e-01 5.931309266700024105e-03 3.125348780491669309e+00 8.370137986000888292e-03 -6.406897308029805595e-03 9.999444148113850739e-01 1.467412418948867758e+00
9.983978456427586856e-01 -5.579140806757461324e-02 -9.426203784298651384e-03 5.443795895175805555e+01 5.582061003630902490e-02 9.984367294845879481e-01 2.863878482132197704e-03 3.186701051904975657e+00 9.251689475849596278e-03 -3.385466611168661422e-03 9.999514248726533161e-01 1.489090523442986091e+00
9.983508219602427181e-01 -5.633933248309611064e-02 -1.101871887262543051e-02 5.540176980207493074e+01 5.633647464874193961e-02 9.984117248864485816e-01 -5.698083559565181571e-04 3.243887583904108585e+00 1.103331893057514154e-02 -5.188658802137248379e-05 9.999391531533086130e-01 1.510212877487234762e+00
9.982918401340263870e-01 -5.755668865430024067e-02 -1.002546161611242090e-02 5.636058470131060005e+01 5.753920736515760054e-02 9.983412792180450523e-01 -2.023849857319614913e-03 3.305807789066468771e+00 1.012531864045439038e-02 1.443537366553162117e-03 9.999476806479283830e-01 1.531441264730146523e+00
9.982611927084396042e-01 -5.868211882571860993e-02 -5.566327507849544790e-03 5.732307647129660921e+01 5.865554092219438936e-02 9.982666852552167791e-01 -4.822250318650440383e-03 3.366184276967465916e+00 5.839658080229691989e-03 4.487372051743199024e-03 9.999728220363434117e-01 1.550670461127123367e+00
9.982471435666284698e-01 -5.918263544754848171e-02 8.848838748558049785e-05 5.828496262926336158e+01 5.918197887026811072e-02 9.982267348274613816e-01 -6.405575599575837054e-03 3.433736404753813698e+00 2.907661445391075444e-04 6.399588744332938492e-03 9.999794216059099128e-01 1.564460894446816130e+00
9.982114190748240246e-01 -5.974792446825668429e-02 2.008640004263639693e-03 5.923655732639500826e+01 5.975707207627143497e-02 9.982011879991399272e-01 -4.852015374764580800e-03 3.506279479680232125e+00 -1.715128720938246393e-03 4.963369778146660416e-03 9.999861929260359661e-01 1.577956083396413023e+00
9.981215890877557229e-01 -6.126139184229189433e-02 -3.735168285443503226e-04 6.017746848048128072e+01 6.125977933625473271e-02 9.981162134670106267e-01 -3.376456190680704201e-03 3.574079026046582896e+00 5.796597723574912781e-04 3.347234426574931775e-03 9.999941974452335458e-01 1.593183726580288839e+00
9.979897873938351482e-01 -6.273868370736523925e-02 -8.950863655061720020e-03 6.110204578217286553e+01 6.272107886879520200e-02 9.980286416332888599e-01 -2.234114398894612805e-03 3.636564943340218736e+00 9.073385488349681657e-03 1.668216490989723848e-03 9.999574709728760169e-01 1.607950806943521771e+00
9.978541450921036837e-01 -6.380682062128067988e-02 -1.468957298632181385e-02 6.201696942178142535e+01 6.379249985499242659e-02 9.979621685995885283e-01 -1.441793519948251579e-03 3.698115554215896328e+00 1.475162633817599100e-02 5.016155037228063737e-04 9.998910863083076972e-01 1.627798366340186265e+00
9.977802992864679421e-01 -6.504459132009476896e-02 -1.427074576863948674e-02 6.292761437425895110e+01 6.510363930581093694e-02 9.978716365238299302e-01 3.712578637578130281e-03 3.770878908308675559e+00 1.399889237990405502e-02 -4.633414812587340927e-03 9.998912641897023112e-01 1.650933483755707032e+00
9.977591394402033353e-01 -6.589624741201713376e-02 -1.158545198127346014e-02 6.382636447037623384e+01 6.597990880556406368e-02 9.977964489556846450e-01 6.994558184543963990e-03 3.838871643359915709e+00 1.109900620448033524e-02 -7.743293076244307793e-03 9.999084116041118131e-01 1.679802381983272808e+00
9.976852433714660240e-01 -6.725621160478607863e-02 -1.003319978289695692e-02 6.470931528728928583e+01 6.735397480301022477e-02 9.976815749845981962e-01 9.746487596079994251e-03 3.907444049974843736e+00 9.354427644338835987e-03 -1.039969987027806672e-02 9.999021816439358501e-01 1.707731613005829985e+00
9.975923861878194243e-01 -6.848040046431529138e-02 -1.094062405044252465e-02 6.557829206787332055e+01 6.858845206101767122e-02 9.975966688656410231e-01 9.827085445407333572e-03 3.972903289402543336e+00 1.024136563397407343e-02 -1.055382673498685489e-02 9.998918449465394875e-01 1.730219527160088422e+00
9.974870195870001455e-01 -7.011276466413607356e-02 -1.018111223720779418e-02 6.643340422175147353e+01 7.022673434015769267e-02 9.974670383673233109e-01 1.130515917123350519e-02 4.041094247606078049e+00 9.362688387897413062e-03 -1.199174382291101799e-02 9.998842420456764968e-01 1.752423159733414115e+00
9.973868027055831087e-01 -7.159946010493301038e-02 -9.647304550938937476e-03 6.727652766150771413e+01 7.171872017962965806e-02 9.973448087552402308e-01 1.264213797695635730e-02 4.108719376277941038e+00 8.716518267518045399e-03 -1.330099030051675596e-02 9.998734885391766802e-01 1.776480850336075612e+00
9.972778883974309228e-01 -7.322584514344809836e-02 -8.641298846594921285e-03 6.810547646368148378e+01 7.332992572741121873e-02 9.972305172301271226e-01 1.241393130030671137e-02 4.173965063912544515e+00 7.708346817631549740e-03 -1.301380921361280918e-02 9.998855943724420658e-01 1.798878732883231635e+00
9.971760895079030407e-01 -7.468060104145646250e-02 -7.906385683055683344e-03 6.892232176276257860e+01 7.477217775579614312e-02 9.971284602841661293e-01 1.200135107866053506e-02 4.238574991796292935e+00 6.987412990794471777e-03 -1.255864571700336489e-02 9.998966502079306151e-01 1.818676216819719693e+00
9.970839336462850033e-01 -7.608568322559283725e-02 -5.877833825296251320e-03 6.972687352809602146e+01 7.616313611964942165e-02 9.969925219451469811e-01 1.432483837576119939e-02 4.306653566374329500e+00 4.770240952214220044e-03 -1.473074801959264359e-02 9.998801444085682055e-01 1.838585599544120042e+00
9.970087984555590088e-01 -7.727493775001648135e-02 -1.362243831895719589e-03 7.052099167264908885e+01 7.728686201698421743e-02 9.968774648791534077e-01 1.619046301139290961e-02 4.375551925355364524e+00 1.068729089192558618e-04 -1.624732260952518534e-02 9.998679366652876155e-01 1.856394770828176499e+00
9.968615933092234149e-01 -7.916280545459671025e-02 1.503848851507585320e-04 7.129761762078278764e+01 7.914617033240758937e-02 9.966878121217578324e-01 1.869353731166018343e-02 4.438888751185342763e+00 -1.629720508752102162e-03 -1.862296888568892514e-02 9.998251945690187492e-01 1.877704150309785991e+00
9.967327025857452005e-01 -8.070027658661117764e-02 -3.357297589807119349e-03 7.205056367522414007e+01 8.075436518314278722e-02 9.964975220689968882e-01 2.171412034349874329e-02 4.508100045407987366e+00 1.593202581244447915e-03 -2.191429919667969850e-02 9.997585753452578050e-01 1.898554938250438751e+00
9.965829305021107754e-01 -8.186279783453381809e-02 -1.099318068927022420e-02 7.278087701724351177e+01 8.209096033880824983e-02 9.963772561809719486e-01 2.221713412612508903e-02 4.573201446585852814e+00 9.134599885945693734e-03 -2.304366168117142136e-02 9.996927133169173363e-01 1.919239219824887543e+00
9.963775839558206560e-01 -8.338881714970051984e-02 -1.667184580811065936e-02 7.349346183374962038e+01 8.373111094501856089e-02 9.962668894122809204e-01 2.101163934073044942e-02 4.636943144413964824e+00 1.485747413412930387e-02 -2.233147751846386794e-02 9.996402266318983321e-01 1.936205878298318694e+00
9.963070996027237891e-01 -8.375306483949331027e-02 -1.890665079699655957e-02 7.418823798442413420e+01 8.415761922007333751e-02 9.962156607244856410e-01 2.172461098677479566e-02 4.702130189113125525e+00 1.701559753556234830e-02 -2.323552440241800909e-02 9.995851396727905014e-01 1.957621929702588748e+00
9.962974885037243489e-01 -8.452724541977500727e-02 -1.569688638423972701e-02 7.486466829615788754e+01 8.489092185767749266e-02 9.960972694927782145e-01 2.416138504226213873e-02 4.768365739896700539e+00 1.359333161405019107e-02 -2.540445898440097869e-02 9.995848420034973980e-01 1.985011025795923478e+00
9.962333008513341026e-01 -8.582880143161367159e-02 -1.234830069731302112e-02 7.552104425824848022e+01 8.612029848648020125e-02 9.959606021182355606e-01 2.541421777485773290e-02 4.829889323024988634e+00 1.011714980508267130e-02 -2.638193064633510831e-02 9.996006970304304184e-01 2.017463011199387424e+00
9.960774311384278379e-01 -8.715824322962957560e-02 -1.526864193550994675e-02 7.615193201701747228e+01 8.748520107695403891e-02 9.959174832113848463e-01 2.224326323438439307e-02 4.883742902204415870e+00 1.326761671373621020e-02 -2.349179901200803069e-02 9.996359856501875196e-01 2.043169002099115339e+00
9.959935723944756125e-01 -8.727166628773680435e-02 -1.950414695636272164e-02 7.676370925045766569e+01 8.755842917683931415e-02 9.960558199217374176e-01 1.436581449434985204e-02 4.929131040988786516e+00 1.817349396953487489e-02 -1.601600980436078403e-02 9.997065076837871045e-01 2.066600812116291319e+00
9.959412931516733458e-01 -8.650450062451679745e-02 -2.485425764057193690e-02 7.735761180122463543e+01 8.676922269441914026e-02 9.961804972540512226e-01 9.775827953193485034e-03 4.977298965560302157e+00 2.391367776632520939e-02 -1.189274640983122022e-02 9.996433095942753866e-01 2.092348941923651395e+00
9.961802004568850455e-01 -8.351684369200544633e-02 -2.549084344070042321e-02 7.793896378661294477e+01 8.382992317438175967e-02 9.964141423869025127e-01 1.146938785236921096e-02 5.031499462643043152e+00 2.444155210850360027e-02 -1.356247356875235968e-02 9.996092571562124052e-01 2.117719300947355165e+00
9.965734977917876103e-01 -7.953821991964689364e-02 -2.268977090207160291e-02 7.850852794264055490e+01 7.993383655064871529e-02 9.966535605481104954e-01 1.709605903484328129e-02 5.086684805156192368e+00 2.125405364965832211e-02 -1.885116979195487763e-02 9.995963416601019169e-01 2.144568824144228003e+00
9.969874861895889895e-01 -7.508895375098667557e-02 -1.942882384662990639e-02 7.906368775731439769e+01 7.540490709866451424e-02 9.970235090741041972e-01 1.607450752488569570e-02 5.129079187287800323e+00 1.816397985492235190e-02 -1.749111068894819779e-02 9.996820047363066397e-01 2.167963285759800574e+00
9.974379457768006718e-01 -6.993013217135930770e-02 -1.507523012532545684e-02 7.960680208512178524e+01 7.010838099032853932e-02 9.974715229836509378e-01 1.163908851569714700e-02 5.156393152048493356e+00 1.422319510971584676e-02 -1.266616973768694768e-02 9.998186312395482833e-01 2.192839590256809412e+00
9.980081870326505955e-01 -6.223734085722989334e-02 -1.029818894020784539e-02 8.013790713904002416e+01 6.231518196234654694e-02 9.980289764936818298e-01 7.418572614735650418e-03 5.182055397908374772e+00 9.816179769823695639e-03 -8.045531462581762688e-03 9.999194364736676555e-01 2.218140994877519478e+00
9.985976223075185843e-01 -5.177078159645011335e-02 -1.106802083292513297e-02 8.064946469099227500e+01 5.188502335031947715e-02 9.985999886189841357e-01 1.029670900306923174e-02 5.210239434297163186e+00 1.051945794044628103e-02 -1.085653190454995837e-02 9.998856890734973968e-01 2.237637436660777635e+00
9.992542717903745153e-01 -3.686239833547123174e-02 -1.149059933059631312e-02 8.115038129236815223e+01 3.704352131223734995e-02 9.991860796770734021e-01 1.597046407249474650e-02 5.241903120192363374e+00 1.089253344720458004e-02 -1.638421787207311464e-02 9.998064485325520723e-01 2.255773143793171620e+00
9.997611509081339998e-01 -1.902102078486551592e-02 -1.075763575653760143e-02 8.163808636305221000e+01 1.924613914692989078e-02 9.995895193078654373e-01 2.122493045068722661e-02 5.261151490501769779e+00 1.034949782967323553e-02 -2.142690638400989930e-02 9.997168297840003381e-01 2.272826239706829288e+00
9.999477633458720982e-01 2.529227163564276484e-03 -9.898489293533343364e-03 8.211259699897495068e+01 -2.331399961327609589e-03 9.997983928345678395e-01 1.994637461916672072e-02 5.255401560549138651e+00 9.946943382300421979e-03 -1.992226183848744281e-02 9.997520438195600656e-01 2.287222107342818944e+00
9.995753754566550908e-01 2.785648227991353865e-02 -8.546433561661584410e-03 8.257214137382972297e+01 -2.771378851944632932e-02 9.994816688948249261e-01 1.638343436077786819e-02 5.233312128020635612e+00 8.998389466664778735e-03 -1.613962949310673509e-02 9.998292556485199878e-01 2.303443414220968766e+00
9.983648776411683246e-01 5.678238988288068778e-02 -6.572687075714032066e-03 8.302559734610876774e+01 -5.667791676099470655e-02 9.982781326077454498e-01 1.511784921454616820e-02 5.197823334626590075e+00 7.419797865842655063e-03 -1.472061052540310673e-02 9.998640897510862047e-01 2.319002700893604718e+00
9.960025493656081697e-01 8.920769721024396359e-02 -4.564485972407366504e-03 8.347299057471605011e+01 -8.913151517090464604e-02 9.959098101201270259e-01 1.480911238542214833e-02 5.149401327396852857e+00 5.866903781794948793e-03 -1.434307795840034615e-02 9.998799405142647645e-01 2.333523852392087594e+00
9.920925043394041021e-01 1.254673543169340377e-01 -3.215156971498829130e-03 8.390551887548292598e+01 -1.254074303302063209e-01 9.919960148407586109e-01 1.473325705004365285e-02 5.083959078742288362e+00 5.037966318752220424e-03 -1.421354555041369830e-02 9.998862808198373253e-01 2.346214260930616469e+00
9.860844385351245078e-01 1.662242324999357590e-01 -2.635204522262271556e-03 8.433598171440871738e+01 -1.661671867001876524e-01 9.859837991299766902e-01 1.498164323244006828e-02 5.000983353268173559e+00 5.088581151440454801e-03 -1.433528126317976104e-02 9.998842623348990211e-01 2.356593702285808334e+00
9.776061504065547414e-01 2.104334915310030474e-01 -1.963441651694246542e-03 8.475446389178780748e+01 -2.103823390241439384e-01 9.775071507137212956e-01 1.480237152582023624e-02 4.896501557435797736e+00 5.034195464741380785e-03 -1.405782282669547009e-02 9.998884988797238638e-01 2.368867182365273383e+00
9.661898413120538764e-01 2.578209956743610642e-01 -2.315861285080393541e-03 8.514801460019906187e+01 -2.577466855938822521e-01 9.660638807745179912e-01 1.694698841420576307e-02 4.773990035961401368e+00 6.606562859351865560e-03 -1.577711171457034378e-02 9.998536779134279406e-01 2.383967081618908690e+00
9.508433887331230183e-01 3.096477064021746495e-01 -3.889737277279846101e-03 8.553669931804751059e+01 -3.095341123171688746e-01 9.507197073862977410e-01 1.790803748590452660e-02 4.627276525002236518e+00 9.243237168953035224e-03 -1.582373302968131251e-02 9.998320038805791343e-01 2.397813283742058044e+00
9.314629500503623927e-01 3.638040580737219032e-01 -4.827987971609552960e-03 8.589511447887001339e+01 -3.636678181765098383e-01 9.313537053833081947e-01 1.805799075451041194e-02 4.460069913266130115e+00 1.106613833831060836e-02 -1.506457134631694096e-02 9.998252445663295962e-01 2.407961543716503616e+00
9.076953046525850777e-01 4.195948407387928292e-01 -5.405171088821602264e-03 8.624909678212658548e+01 -4.194358008108856062e-01 9.075923830882441923e-01 1.870168592211369704e-02 4.269934655960020642e+00 1.275283042192496517e-02 -1.470831016192004730e-02 9.998105122591706140e-01 2.414921828908100920e+00
8.794509133905810128e-01 4.759449532280997097e-01 -6.510745614303371266e-03 8.658396039105416264e+01 -4.757605844581003773e-01 8.793701001739936407e-01 1.897817940075751872e-02 4.059913938254058330e+00 1.475792575144842765e-02 -1.359282163952381731e-02 9.997986864354253544e-01 2.421677693978896873e+00
8.469479249140801080e-01 5.316051490265227830e-01 -8.668428248087979571e-03 8.688036756093178781e+01 -5.314197956755850605e-01 8.469335611875965508e-01 1.722517151518354953e-02 3.828246493256381999e+00 1.649857617180394351e-02 -9.982245730348175000e-03 9.998140138983234726e-01 2.429735501185473101e+00
8.110637643576334987e-01 5.848878639200271179e-01 -9.040302459224609788e-03 8.717513479250852981e+01 -5.847079234722438734e-01 8.110722493308896164e-01 1.668640501021523975e-02 3.580050290830145254e+00 1.709202030809970144e-02 -8.247803801898358211e-03 9.998198863114767798e-01 2.442610653852654412e+00
7.721986202473394290e-01 6.353324892812164393e-01 -7.865986298623376186e-03 8.743678919028691610e+01 -6.351914160105265328e-01 7.722115268641102093e-01 1.487271669340266625e-02 3.316570747119327756e+00 1.552333587725967037e-02 -6.488282232052089947e-03 9.998584528885505751e-01 2.454263133713854295e+00
7.306341723201622562e-01 6.827548495070780987e-01 -4.403801906148023526e-03 8.769883521549040495e+01 -6.826478191828317943e-01 7.306108984154054964e-01 1.413201695339184535e-02 3.032352647369084497e+00 1.286617169482730423e-02 -7.319082387238652794e-03 9.998904292644320568e-01 2.462055924869844592e+00
6.868520491914894555e-01 7.267882905372043956e-01 -3.607638203369246607e-03 8.793844580740359618e+01 -7.267025770354026415e-01 6.868342848475790241e-01 1.272880452273600707e-02 2.735004036147063999e+00 1.172900128239431732e-02 -6.121124898347991838e-03 9.999124659609316401e-01 2.468145172222626194e+00
6.414450290154501966e-01 7.671457116813197308e-01 -5.980226579520864401e-03 8.814024963528335377e+01 -7.670678575621499018e-01 6.414675807518653849e-01 1.123396168273168086e-02 2.420678146514172013e+00 1.245421523790195446e-02 -2.618727062968463724e-03 9.999189902326842683e-01 2.472675450638548433e+00
5.958957912169050575e-01 8.029889937192216109e-01 -1.080579336506517878e-02 8.833375202624040412e+01 -8.029595141944053660e-01 5.959807576774388549e-01 7.933709723459816954e-03 2.095497528093286821e+00 1.281072753144799244e-02 3.948946856846206020e-03 9.999101511056561753e-01 2.479029967269142265e+00
5.504378420897844126e-01 8.348197520385028936e-01 -9.708905884507674014e-03 8.850317548810278367e+01 -8.347743288866948941e-01 5.505151620657192657e-01 9.211211334605628326e-03 1.767732800824514339e+00 1.303461172669018002e-02 3.034549635891490606e-03 9.999103958444961471e-01 2.488145676552184327e+00
5.043530764856618553e-01 8.634800470329464517e-01 -5.498387194764486202e-03 8.867595881671006453e+01 -8.633980146273251277e-01 5.043814527069208076e-01 1.196520522833163271e-02 1.430241686542026658e+00 1.310500906271633639e-02 -1.287387897070147195e-03 9.999132708074175424e-01 2.494994732672018767e+00
4.601509579411303674e-01 8.878282628666719356e-01 -4.695929678111950868e-03 8.882895448132626370e+01 -8.877277200535170776e-01 4.601704186247181916e-01 1.351453792915602303e-02 1.082407239881804539e+00 1.415952736160863874e-02 -2.050019534977177288e-03 9.998976234341513392e-01 2.501409053719823916e+00
4.186019183903004759e-01 9.081135248782210567e-01 -1.011547979073083511e-02 8.894757623111220823e+01 -9.080515490916943877e-01 4.187011929007777855e-01 1.146937983233649143e-02 7.266977659195625883e-01 1.465087069508699130e-02 4.384277182191428403e-03 9.998829887089216717e-01 2.505880330434357095e+00
3.802350929985152117e-01 9.246050002695733738e-01 -2.295312363028095132e-02 8.905042722555437251e+01 -9.248179705379746540e-01 3.803978106503436152e-01 3.028320994745075517e-03 3.533631550539739208e-01 1.153132128933884691e-02 2.007598935897041484e-02 9.997318963511410139e-01 2.507446228610648031e+00
3.457615620364515308e-01 9.379346887673284394e-01 -2.697130367935813774e-02 8.915113492947966733e+01 -9.382837255452458614e-01 3.458652761311620805e-01 -8.704372207344280785e-04 -1.808905300760565993e-02 8.512033325246280008e-03 2.560771368757338434e-02 9.996357618323864491e-01 2.510830358633104442e+00
3.134262541941928437e-01 9.492632728117155194e-01 -2.575391065827294795e-02 8.925367974732628795e+01 -9.495571963141696825e-01 3.135854728609353548e-01 2.289693141089685705e-03 -3.892687587486262646e-01 1.024957875444923103e-02 2.373717413567446449e-02 9.996656729448717416e-01 2.516858494402965718e+00
2.829166321152637997e-01 9.590167037266671413e-01 -1.565751231689524112e-02 8.936543142560344677e+01 -9.590438176727809072e-01 2.830857595556822148e-01 9.864159849127574625e-03 -7.610548096377109939e-01 1.389232212236343918e-02 1.222551378338467866e-02 9.998287083290539057e-01 2.530249065838348521e+00
2.547655792489252891e-01 9.669464730047988565e-01 -1.044700756849859316e-02 8.945987153120933044e+01 -9.668635916583396828e-01 2.548973810428545317e-01 1.421318519550065877e-02 -1.142656008500673170e+00 1.640630866512122685e-02 6.479802419890826753e-03 9.998443397082201756e-01 2.546554234508289216e+00
2.294708477101637112e-01 9.732471463851208870e-01 -1.154181385925096351e-02 8.953413778021788971e+01 -9.731462609044457812e-01 2.296359227908078282e-01 1.592604373026458922e-02 -1.539426309104440227e+00 1.815039865510153713e-02 7.577307296857808440e-03 9.998065294990285956e-01 2.558471566116000684e+00
2.061459170715891909e-01 9.783594884472566200e-01 -1.779304233929889650e-02 8.959326117724349103e+01 -9.783217645272753726e-01 2.064369532406973573e-01 1.643867128217085111e-02 -1.946043832692553988e+00 1.975607017476969929e-02 1.401856412013707288e-02 9.997065296877134521e-01 2.566498750444535570e+00
1.859780980534713191e-01 9.821743428004984233e-01 -2.730849679559340867e-02 8.964141938884735339e+01 -9.821842670761483651e-01 1.865985398263809436e-01 2.224643554595673658e-02 -2.366772482095231389e+00 2.694561323230477284e-02 2.268464129180055786e-02 9.993794621201477213e-01 2.558738645882292051e+00
1.662951254742106866e-01 9.856023677488596757e-01 -3.056125197410718142e-02 8.969409718262940601e+01 -9.854626771046821609e-01 1.672047845656903786e-01 3.009671380823899373e-02 -2.792578181398709170e+00 3.477338225041579078e-02 2.511205035990753814e-02 9.990796899600988823e-01 2.553596130616444526e+00
1.487883301730475172e-01 9.884828169099916240e-01 -2.763552426930145078e-02 8.975292315276864485e+01 -9.882467472102784978e-01 1.496279199424466466e-01 3.130170030450392382e-02 -3.238978277350205826e+00 3.507625606905254850e-02 2.265339282837230961e-02 9.991278498845058698e-01 2.563383144501868216e+00
1.336236027034455043e-01 9.907485699407435620e-01 -2.370919733902311644e-02 8.980632632174973651e+01 -9.906018035389444476e-01 1.342322322311410299e-01 2.626168250903872584e-02 -3.704252701299714179e+00 2.920127397850779197e-02 1.997720150021489727e-02 9.993738650654133693e-01 2.583658692042710925e+00
1.191177523401729804e-01 9.926141500886166424e-01 -2.298156207786337946e-02 8.984645437126508227e+01 -9.925639194275766020e-01 1.196319787342969149e-01 2.247327771319053771e-02 -4.177850768225464861e+00 2.505663748692908699e-02 2.013371581006784261e-02 9.994832689255300773e-01 2.603163950038873242e+00
1.057355086595152677e-01 9.940851781013906319e-01 -2.479143897846035685e-02 8.987797299089491787e+01 -9.941372895574387414e-01 1.062420919107632811e-01 2.009183033932582241e-02 -4.664497288985443468e+00 2.260689749232017501e-02 2.252168115295132000e-02 9.994906994297214631e-01 2.619354550812708737e+00
