9.999999000017876227e-01 -6.986264684464206641e-11 4.812787846914029865e-10 2.920622022006824636e-08 -6.986271326017717703e-11 9.999999999998093747e-01 9.429893710347215242e-12 2.091431888784356374e-11 4.812788132669987257e-10 9.429900135715308669e-12 9.999999999984031662e-01 -1.404220212330997697e-10
9.999956182180049780e-01 -1.303453515257085252e-03 2.652941552041623591e-03 1.529292923690368511e+00 1.309366867093427617e-03 9.999966747070374584e-01 -2.228324744369136919e-03 -5.553064977165249674e-03 -2.650028410259260610e-03 2.231789064371286595e-03 9.999940070749574472e-01 2.020953059144451475e-02
9.999897566408384453e-01 -2.821903502436101576e-03 3.522626842771396996e-03 3.052934422366990752e+00 2.832565417457905913e-03 9.999914243126704072e-01 -3.025731136822472009e-03 -5.663517733503604934e-03 -3.514057595744676365e-03 3.035678911356456868e-03 9.999892190464910735e-01 3.914151611470580161e-02
9.999862621285789954e-01 -4.208881645259855350e-03 3.115868313235272725e-03 4.566966015186343597e+00 4.215614465670048869e-03 9.999887966872265110e-01 -2.157491076914058985e-03 -3.113935668478085353e-03 -3.106752878819322820e-03 2.170597748698998870e-03 9.999928411841942921e-01 5.637249114473043970e-02
9.999789610045899391e-01 -5.653398064797814267e-03 3.152154581550000757e-03 6.080169099762080087e+00 5.658347836709405089e-03 9.999828574916933555e-01 -1.563916966529432708e-03 6.968948391782029544e-03 -3.143258338972131083e-03 1.581721857195428262e-03 9.999937815037165389e-01 6.788323905042249751e-02
9.999693803427313066e-01 -6.937566913672858770e-03 3.597961357332593851e-03 7.616172690593587369e+00 6.943625907920349290e-03 9.999744999219343233e-01 -1.674307950739966234e-03 1.894901601810740355e-02 -3.586253490294897314e-03 1.699239741477355167e-03 9.999921197353340840e-01 7.775896812882643339e-02
9.999565066133742075e-01 -8.527239423773261967e-03 3.767105111972712111e-03 9.100097700274416113e+00 8.534065108159943208e-03 9.999620417779554460e-01 -1.799646661405565314e-03 3.230880182343831564e-02 -3.751617374829013807e-03 1.831719059274111759e-03 9.999912516086703063e-01 8.874393357233315016e-02
9.999428610851599508e-01 -1.027475731756045431e-02 2.927437279786509680e-03 1.060036624447731768e+01 1.028529819706617936e-02 9.999406596888553711e-01 -3.609120330458620487e-03 4.534518546547029044e-02 -2.890180660677859215e-03 3.639026664006995721e-03 9.999891792259847367e-01 9.921625902768999028e-02
9.999272930408621418e-01 -1.161520929680473664e-02 3.226383153854002657e-03 1.209532179305646871e+01 1.163060659736764486e-02 9.999209021355984772e-01 -4.795927357715955991e-03 6.262263397550324462e-02 -3.170423017040212461e-03 4.833105392800365885e-03 9.999833048235392541e-01 1.033393738982341103e-01
9.999113405826020040e-01 -1.288601636346824696e-02 3.333292156650492343e-03 1.358853133255099799e+01 1.290207953311266545e-02 9.999050577827056641e-01 -4.841937278375203248e-03 8.285047416023359756e-02 -3.270582423650891888e-03 4.884516433864162684e-03 9.999827016346921615e-01 1.095231964563902899e-01
9.998967302519204958e-01 -1.405726427278282051e-02 2.957772337003433411e-03 1.507715916101022735e+01 1.406999022606449101e-02 9.998916666269539455e-01 -4.329623034743459303e-03 1.089349874320271194e-01 -2.896589957228479836e-03 4.370794296579539467e-03 9.999862031211255164e-01 1.180061653660400833e-01
9.998876790489671373e-01 -1.455498004806408778e-02 3.567385819283143238e-03 1.656176415842039162e+01 1.456474589142943941e-02 9.998902802135418710e-01 -2.727436272242249327e-03 1.399714060445544361e-01 -3.527296531713285457e-03 2.779089680268091635e-03 9.999899407374910343e-01 1.320557225523936451e-01
9.998780210372236743e-01 -1.502122892712699082e-02 4.260010548694705829e-03 1.804432369167308536e+01 1.502629726328314451e-02 9.998864790752853837e-01 -1.160286993972589522e-03 1.748675726725178736e-01 -4.242097881859937733e-03 1.224160167277936039e-03 9.999901998874907161e-01 1.449168874524229544e-01
9.998653132060295601e-01 -1.561307731611705045e-02 5.054549063689722094e-03 1.951810195558337568e+01 1.561396324666447857e-02 9.998781553693777413e-01 -1.354632202516194606e-04 2.083701780119374958e-01 -5.051818002001710016e-03 2.143674765108954960e-04 9.999872314245925597e-01 1.582456501137207150e-01
9.998573139435620316e-01 -1.605068222603949629e-02 5.256721519582986668e-03 2.099144446646374718e+01 1.605162594102518131e-02 9.998712109025791328e-01 -1.375948427303906227e-04 2.416539746917265308e-01 -5.253836855069483544e-03 2.219550375034858567e-04 9.999861751538587917e-01 1.654543937841449486e-01
9.998485605769559248e-01 -1.655810716203031524e-02 5.345764660247415145e-03 2.245346194163612807e+01 1.655661219964711314e-02 9.998628753972075289e-01 3.236837715545577221e-04 2.713108620467044041e-01 -5.350392202311302949e-03 -2.351271871041087503e-04 9.999856640258363294e-01 1.699120833148930476e-01
9.998445819381508448e-01 -1.660894916317240400e-02 5.908636417170119726e-03 2.391061050939553212e+01 1.660331168341076802e-02 9.998616953069219271e-01 1.001704979944426565e-03 3.018578408976105854e-01 -5.924457328797014082e-03 -9.034454202796693640e-04 9.999820227549270912e-01 1.732743955202378505e-01
9.998373755809593089e-01 -1.660128288805425706e-02 7.039894318998506963e-03 2.536301433357121482e+01 1.658805821021233987e-02 9.998605402512855678e-01 1.932969325945333534e-03 3.333883654397306606e-01 -7.071004857114497957e-03 -1.815876250670116947e-03 9.999732841677551054e-01 1.785030315018964475e-01
9.998439369475785599e-01 -1.653522979701382498e-02 6.208477068513169536e-03 2.680403408379712715e+01 1.652147252058382490e-02 9.998609542420329177e-01 2.260325455353378796e-03 3.637256766233638028e-01 -6.244990042077581613e-03 -2.157399063459332356e-03 9.999781088103885107e-01 1.816899292098837770e-01
9.998584873040523568e-01 -1.644161962687131981e-02 3.553383261466151917e-03 2.823705719120104263e+01 1.643224114817701947e-02 9.998615123394815063e-01 2.651427580383142191e-03 3.940702038369247040e-01 -3.596486803918563097e-03 -2.592660948492083155e-03 9.999901003564660718e-01 1.910242247628451961e-01
9.998636759243301197e-01 -1.613005225305092633e-02 3.516026117594240556e-03 2.966267952381130968e+01 1.612643272588059479e-02 9.998694307396760461e-01 1.054817106022515197e-03 4.221040010362269723e-01 -3.532582653885385764e-03 -9.979713460529285578e-04 9.999931933359936798e-01 2.033395819651125647e-01
9.998541884535876445e-01 -1.587344599581893417e-02 6.290459090825269162e-03 3.108439353562656038e+01 1.587314468424875016e-02 9.998740855939854955e-01 9.803035283124861483e-05 4.497495913631058273e-01 -6.291223039326436506e-03 1.834281184604511630e-06 9.999802259524266379e-01 2.164428253885818665e-01
9.998454726112778745e-01 -1.569126278357885207e-02 7.919313796485706256e-03 3.249590861429522448e+01 1.570417316109312331e-02 9.998754961453547585e-01 -1.571175194455532581e-03 4.752967715393380255e-01 -7.893674282834869937e-03 1.695299562782264955e-03 9.999674312433673995e-01 2.258648455587013437e-01
9.998553758561460336e-01 -1.542543466026593223e-02 7.156648066344651823e-03 3.389043831036050136e+01 1.544407308999497588e-02 9.998775114312616896e-01 -2.556731179911888360e-03 5.017310172033596638e-01 -7.116334439372058902e-03 2.666890669659535609e-03 9.999711127125920918e-01 2.296501511620717417e-01
9.998724583323304049e-01 -1.500524237318378445e-02 5.456168624087777939e-03 3.527451437460627659e+01 1.501882711349224533e-02 9.998842395899620872e-01 -2.457793329665931489e-03 5.317036759406632562e-01 -5.418657630158025922e-03 2.539426924706168417e-03 9.999821020777074354e-01 2.361217543078417136e-01
9.998873666436186580e-01 -1.437211255605476239e-02 4.299911447887886512e-03 3.664227416882651767e+01 1.437937259204565346e-02 9.998952986812439381e-01 -1.660537517581081417e-03 5.643006146918828625e-01 -4.275595162380961198e-03 1.722182536632163022e-03 9.999893346751372869e-01 2.443723910702959579e-01
9.999019896466604385e-01 -1.347518251889628926e-02 3.775441928394220915e-03 3.799861457077973625e+01 1.347890313429283768e-02 9.999086855215905123e-01 -9.625764998294359049e-04 5.933856990764586614e-01 -3.762126079940420354e-03 1.013370898842716819e-03 9.999924248317492159e-01 2.556581860748683988e-01
9.999138335021744428e-01 -1.234305269791024021e-02 4.459883138251976263e-03 3.933296714422025531e+01 1.234496386438800435e-02 9.999237516758164857e-01 -4.017853432547107231e-04 6.220711970163375071e-01 -4.454585140680299496e-03 4.568094917058010450e-04 9.999899148220090517e-01 2.674419505787328233e-01
9.999192806514138887e-01 -1.076357114626205758e-02 6.744390301478266243e-03 4.065703439459544200e+01 1.076206659150183258e-02 9.999421100896653813e-01 2.596042598182999889e-04 6.472009015719825120e-01 -6.746794981854578079e-03 -1.869986617858520716e-04 9.999772092589205297e-01 2.791634534060854489e-01
9.999271209006024286e-01 -9.104968637780768911e-03 7.920556824896977585e-03 4.196038904674509951e+01 9.107891170563257865e-03 9.999585175974335938e-01 -3.330791426472380569e-04 6.689474703166390368e-01 -7.917196233083029916e-03 4.051956625747629714e-04 9.999685615019640039e-01 2.889693036706726392e-01
9.999411992484861234e-01 -6.828129371394230963e-03 8.423241932081033598e-03 4.324288426891614279e+01 6.828179616491252338e-03 9.999767358320990063e-01 2.276556373651972834e-05 6.873274776926695528e-01 -8.423202961052143542e-03 3.475294602983781614e-05 9.999644649194145973e-01 2.974617539644754949e-01
9.999593993663462577e-01 -3.433234241197154549e-03 8.322979400364452843e-03 4.450633309924184289e+01 3.433066068890129521e-03 9.999941707990261941e-01 3.444802720183621488e-05 7.021525071631822268e-01 -8.323049323009571246e-03 -5.871700018178045374e-06 9.999653298346273811e-01 3.050305934460599833e-01
9.999806960886948870e-01 2.823229031773830328e-04 6.192205482188513181e-03 4.574757814986897131e+01 -2.775011982073718325e-04 9.999997173204447920e-01 -7.795297784308702696e-04 7.107003663984972075e-01 -6.192423311701460500e-03 7.777982361935684022e-04 9.999804865908603624e-01 3.127339838403572769e-01
9.999822683158923198e-01 3.779206029954984038e-03 4.586659779298121568e-03 4.698097139189050608e+01 -3.774332633788628818e-03 9.999923423966400327e-01 -1.070671654905236631e-03 7.145294629245948492e-01 -4.590670894086853852e-03 1.053342185816065306e-03 9.999888892874676527e-01 3.210462411029305074e-01
9.999557630095443628e-01 7.827663998485062322e-03 5.207889529861761506e-03 4.820137226603422675e+01 -7.824547131545423265e-03 9.999692298537441459e-01 -6.185275231445753032e-04 7.204756887177552471e-01 -5.212571759965611319e-03 5.777521160419998554e-04 9.999862071367117133e-01 3.243354062975908891e-01
9.998998825709181082e-01 1.311815338179139583e-02 5.295980355056059685e-03 4.941119188831110165e+01 -1.311746184204590909e-02 9.999139573384061563e-01 -1.655277010610398168e-04 7.198468025941330284e-01 -5.297696297216538015e-03 9.604158136064069634e-05 9.999859600906756407e-01 3.292577923485690561e-01
9.997965870847814740e-01 1.969643699010696289e-02 4.317428647500769906e-03 5.060941904378961453e+01 -1.970233950191724315e-02 9.998050709910643041e-01 1.327975093173794753e-03 7.151757768423159245e-01 -4.290431367201533869e-03 -1.412766781410840092e-03 9.999897419241542407e-01 3.320632033336755606e-01
9.996235688139524234e-01 2.711672328079246796e-02 4.158408909336773138e-03 5.179534753689965498e+01 -2.712898992606987275e-02 9.996276746869432461e-01 2.921782472075856642e-03 7.035188525906231893e-01 -4.077631065110168956e-03 -3.033496475532573497e-03 9.999870564991041322e-01 3.353909703917830609e-01
9.993536229092871981e-01 3.549964802223605498e-02 5.650695881591906965e-03 5.297319342692944844e+01 -3.552241901681447989e-02 9.993609525042886910e-01 3.982494980453583390e-03 6.779175698395973892e-01 -5.505706832553363891e-03 -4.180648795875424074e-03 9.999761245864241532e-01 3.376181144478254126e-01
9.989366803147116114e-01 4.566808227414387300e-02 6.307995901406028214e-03 5.413768958789680141e+01 -4.570766011493847258e-02 9.989351940046490297e-01 6.280013429535284165e-03 6.435835037100651190e-01 -6.014483236244132919e-03 -6.561658657823520209e-03 9.999603256806391949e-01 3.395334877212668467e-01
9.982601808006246191e-01 5.857498392226031386e-02 6.747581736219335387e-03 5.528623827830784876e+01 -5.863245594575368369e-02 9.982421428311651912e-01 8.660743974313683813e-03 5.985863295755056157e-01 -6.228418281190189511e-03 -9.041302837770475581e-03 9.999396763682100175e-01 3.375662346278310855e-01
9.972835632866386968e-01 7.325702690179103360e-02 7.669305841304292250e-03 5.641789865779447410e+01 -7.333762009233490975e-02 9.972486038136322284e-01 1.081644485877196298e-02 5.368116580854376263e-01 -6.855823451996942083e-03 -1.134951988173118868e-02 9.999120328997290752e-01 3.383296466323404417e-01
9.959476771810206186e-01 8.945282153946154668e-02 9.285915168468687406e-03 5.753748661866364245e+01 -8.957148383922103330e-02 9.958920832425953718e-01 1.326437383616534994e-02 4.598562236587854235e-01 -8.061234302570377194e-03 -1.404238480200953147e-02 9.998688395763839498e-01 3.377468021418018052e-01
9.941900455504607548e-01 1.070597786256359540e-01 1.114613726234645052e-02 5.864748163488022215e+01 -1.072073184135644147e-01 9.941435905621835989e-01 1.361035350398473974e-02 3.587391600146335735e-01 -9.623735002609724518e-03 -1.472622776508491008e-02 9.998452638873552845e-01 3.376483001027639208e-01
9.919582675690725715e-01 1.260911691574448934e-01 1.094188543827272209e-02 5.973986587735033282e+01 -1.262328456766505791e-01 9.919102217688260392e-01 1.339845385811597352e-02 2.376038574518107016e-01 -9.163942750769316081e-03 -1.467193148260588324e-02 9.998503106621013936e-01 3.371474345429342767e-01
9.891893135446954144e-01 1.463077240566802717e-01 9.924882945855384789e-03 6.081668413344585389e+01 -1.464274416905323173e-01 9.891405974522148314e-01 1.264995344067571664e-02 9.691335751370214191e-02 -7.966319109219561698e-03 -1.396647827800879225e-02 9.998706890030896188e-01 3.350816213425802936e-01
9.858927484643172923e-01 1.671203094695410951e-01 9.279843040760647754e-03 6.187900961462053573e+01 -1.672121293780056972e-01 9.858681301624624416e-01 1.020562058791296169e-02 -6.844552879840062887e-02 -7.443135314790204349e-03 -1.161334708688582101e-02 9.999048213732202317e-01 3.351622796784469172e-01
9.819445297637434678e-01 1.888551443663876173e-01 1.089325190688989788e-02 6.292515413172599636e+01 -1.889175798114676730e-01 9.819802090573012121e-01 5.015235911712217706e-03 -2.635250568483360478e-01 -9.749804825392952706e-03 -6.982610807308368799e-03 9.999280611789552742e-01 3.371048193269235993e-01
9.772524300667839725e-01 2.117394559683927480e-01 1.200154366778426879e-02 6.395475838485861431e+01 -2.117505028878792217e-01 9.773237297082355557e-01 -3.602482583943374182e-04 -4.827082185130009417e-01 -1.180567534458438345e-02 -2.189279838927062939e-03 9.999279402249803272e-01 3.371069362637842959e-01
9.718351745074869097e-01 2.354248332150798984e-01 1.055386912748803793e-02 6.496494546329543596e+01 -2.353790725327734590e-01 9.718886971273577036e-01 -5.406382630586444547e-03 -7.294445195455951936e-01 -1.152998269496018774e-02 2.769957180064324970e-03 9.999296283651553097e-01 3.312736320347142160e-01
9.655029129432801671e-01 2.603002553449521028e-01 6.918965703984761989e-03 6.595279629153833412e+01 -2.602104396641450879e-01 9.654808996861271586e-01 -1.171146870395578521e-02 -9.981541543908415415e-01 -9.728627945240856181e-03 9.507068569861125765e-03 9.999074873705925404e-01 3.244536860629386732e-01
9.581610586095208326e-01 2.861688780053601167e-01 5.886195914122990293e-03 6.692432412172743739e+01 -2.860514051636001698e-01 9.580879800546502345e-01 -1.555893690069797518e-02 -1.292409433893355608e+00 -1.009197774360814578e-02 1.322421542591128811e-02 9.998615613358291521e-01 3.144204195650894818e-01
9.496721253577842248e-01 3.131569666786480077e-01 7.444471501341952575e-03 6.787969465219084952e+01 -3.129850026034948218e-01 9.495836150577267043e-01 -1.820258906309256061e-02 -1.603232298416506607e+00 -1.276941386607380151e-02 1.495648899999944478e-02 9.998065595844891629e-01 3.108243583940176746e-01
9.401176784375719908e-01 3.407273248976909197e-01 9.143733542786587620e-03 6.881837090054928296e+01 -3.404645524821333646e-01 9.399921633121010034e-01 -2.233207205798094439e-02 -1.946525956738462293e+00 -1.620418670514851833e-02 1.788166404995535433e-02 9.997087582503267900e-01 3.039722939314267736e-01
9.294246007230726470e-01 3.689445286133241630e-01 7.051765245400033397e-03 6.973272257110485839e+01 -3.686599846611249842e-01 9.292031872842589912e-01 -2.591164782411501874e-02 -2.312463005164779872e+00 -1.611248612515294235e-02 2.148323463474555856e-02 9.996393119926684223e-01 2.958963787917082144e-01
9.174930897530576557e-01 3.977410195917870928e-01 2.918047633439538671e-03 7.062238025406475117e+01 -3.975495956249268659e-01 9.172361103208215294e-01 -2.514545889154331387e-02 -2.695185299621515540e+00 -1.267791575538870091e-02 2.191072266343700378e-02 9.996794999261207071e-01 2.861400588213049434e-01
9.045113553282307928e-01 4.264285147333088388e-01 -4.222913021761305445e-03 7.149062965087533428e+01 -4.263851378794722424e-01 9.041589933603126905e-01 -2.631259474781890567e-02 -3.103571270308147501e+00 -7.402253151141109308e-03 2.560064276175619269e-02 9.996448513114564172e-01 2.777916762608595436e-01
8.904940657240383306e-01 4.549015264080663590e-01 -9.208608504436300093e-03 7.234234863343300503e+01 -4.549707372603076783e-01 8.900572307462550903e-01 -2.827953797998955174e-02 -3.538650108183358789e+00 -4.668212812535586266e-03 2.937242309077338701e-02 9.995576035297066841e-01 2.724274251972492733e-01
8.749787314540111716e-01 4.841061646527899387e-01 -7.298590382243769388e-03 7.317963006066530340e+01 -4.840965845967870607e-01 8.745164538370059359e-01 -2.952082791190681343e-02 -3.998604308839109223e+00 -7.908479758222088790e-03 2.936332850274294207e-02 9.995375147089826662e-01 2.684029565067275747e-01
8.573532212911074701e-01 5.147277009740784948e-01 -9.088335461315217917e-04 7.400485419240865781e+01 -5.145385834623801280e-01 8.569877901708037315e-01 -2.866937718195885013e-02 -4.480137182808660690e+00 -1.397806790130422597e-02 2.504742876836575996e-02 9.995884885380887930e-01 2.663337019925163807e-01
8.378427218618552663e-01 5.458972440669784820e-01 3.954257697963572439e-03 7.480049429559691987e+01 -5.455809857622904158e-01 8.375654980122955173e-01 -2.873017190424556264e-02 -4.986468939070771711e+00 -1.899566930527889219e-02 2.191400482158462407e-02 9.995793801258492373e-01 2.631650135949779035e-01
8.167320494160388300e-01 5.770163776118728549e-01 8.468490401312337270e-04 7.556800691304955819e+01 -5.768442653135444909e-01 8.165226789406837549e-01 -2.326967448323188914e-02 -5.512409352732905887e+00 -1.411845006575904692e-02 1.851659545007404775e-02 9.997288716432773947e-01 2.537071836163715677e-01
7.947809127802228923e-01 6.068844519754493794e-01 -3.818199369831641425e-03 7.630926503747211598e+01 -6.068565662943647965e-01 7.946410293216561449e-01 -1.645465109988427863e-02 -6.063117108100469999e+00 -6.951968450457288867e-03 1.539494540264626371e-02 9.998572578981211878e-01 2.423240274915010040e-01
7.723299071815912242e-01 6.351967602518422407e-01 -5.614713584102173222e-03 7.702224463229556761e+01 -6.352066486915707300e-01 7.722209435315269266e-01 -1.368862616517674789e-02 -6.640179607183614330e+00 -4.359169679241529753e-03 1.413863635430679180e-02 9.998905492868817024e-01 2.351102107363747806e-01
7.491868053551929973e-01 6.623456909937285308e-01 -4.156181939199637444e-03 7.771495646034051674e+01 -6.623121085850764977e-01 7.490451005340930113e-01 -1.655785789812463243e-02 -7.249192663736657494e+00 -7.853854900883075127e-03 1.515762114188123552e-02 9.998542941107140258e-01 2.332789913124507508e-01
7.248672991586125880e-01 6.888836275654665053e-01 -2.608646700860064917e-03 7.837969832201872578e+01 -6.888204096595383907e-01 7.247373427365523257e-01 -1.679929919244386657e-02 -7.874586095119828322e+00 -9.682178261983779774e-03 1.397415397175467630e-02 9.998554581048350043e-01 2.353114478601935344e-01
6.995815821364688158e-01 7.145279743811532303e-01 -5.939275782549822622e-03 7.900934174922512909e+01 -7.145188554414779736e-01 6.994434720531382821e-01 -1.554548134896632100e-02 -8.515002654352038292e+00 -6.953490557515893365e-03 1.511906950539094324e-02 9.998615458103928821e-01 2.329680792332484707e-01
6.734192845398919713e-01 7.392146957224464687e-01 -8.247408095939365302e-03 7.961794186696084807e+01 -7.392490192238682090e-01 6.733040827466489908e-01 -1.313299234288852792e-02 -9.177839253214342463e+00 -4.155080747622492791e-03 1.494090833667339503e-02 9.998797327134589796e-01 2.283824955422415204e-01
6.464458905502610264e-01 7.629254336115759427e-01 -7.244408267920939698e-03 8.020165859973910472e+01 -7.629514519379850812e-01 6.463656915500741729e-01 -1.078635192021674613e-02 -9.859277628718832176e+00 -3.546637987454312815e-03 1.249992853213599021e-02 9.999155178996649296e-01 2.267175673825364834e-01
6.186462023450822745e-01 7.856277400761568774e-01 -8.120866200909206828e-03 8.076309669831270810e+01 -7.856650125770782145e-01 6.185741174350189997e-01 -9.819850003163672209e-03 -1.056679598957985178e+01 -2.691382406776346957e-03 1.245529649246278001e-02 9.999187802198986619e-01 2.285506452316143633e-01
5.900172600295366943e-01 8.073160679950129870e-01 -1.097341916662446411e-02 8.129929799621261566e+01 -8.073834598409416197e-01 5.900147669129318651e-01 -3.812912545881340896e-03 -1.129086995896263979e+01 3.396258095981070403e-03 1.110945409145549199e-02 9.999324730575314124e-01 2.311381394780951115e-01
5.599783955791252099e-01 8.283732835512573889e-01 -1.489890090694923584e-02 8.182238065668381921e+01 -8.284099382811204171e-01 5.600976993787467606e-01 5.244462036400363708e-03 -1.202875431625344405e+01 1.268921355308810783e-02 9.405617403008867394e-03 9.998752050421281234e-01 2.523665223108505495e-01
5.291350847944550351e-01 8.483374130455423323e-01 -1.843216381258173248e-02 8.233506616330522832e+01 -8.482708289363837251e-01 5.293885201617029024e-01 1.357559828826531041e-02 -1.279092180583910832e+01 2.127447351977201917e-02 8.452147519517999932e-03 9.997378950438421397e-01 2.859023273647016694e-01
4.975207179310465744e-01 8.672788631021633998e-01 -1.733756310869182665e-02 8.282738601730633832e+01 -8.671009959805382472e-01 4.977886012952272843e-01 1.850353011829679317e-02 -1.357583910336675181e+01 2.467817558831527855e-02 5.827536997857154892e-03 9.996784807737262302e-01 3.293272262785281734e-01
4.652879473746071581e-01 8.850648083854725234e-01 -1.293633023660703714e-02 8.328014692797732721e+01 -8.848897102525615788e-01 4.654572471792464139e-01 1.788127930222335391e-02 -1.438568925150614142e+01 2.184740712936649246e-02 3.127283197918913262e-03 9.997564054461465233e-01 3.672311533465542066e-01
4.325623672201842074e-01 9.015850774095564013e-01 -5.849436875946825015e-03 8.371462392603382341e+01 -9.014429265235079924e-01 4.325986694957319467e-01 1.609398765040107038e-02 -1.521559990850974486e+01 1.704056369655487790e-02 -1.688712979355361981e-03 9.998533632840838070e-01 4.093831035066882174e-01
3.984878189638468848e-01 9.171734249953484852e-01 -6.611634749180570142e-04 8.410524567329616730e+01 -9.170394642809664987e-01 3.984417299382269073e-01 1.681564136151924085e-02 -1.605844808734561369e+01 1.568630161135648252e-02 -6.094513967455606265e-03 9.998583510979262012e-01 4.412944387829630388e-01
3.635263655336528621e-01 9.315612168769742407e-01 6.500897390938342735e-03 8.447701191008903265e+01 -9.314484347006407594e-01 3.633456824873982915e-01 1.959006844647580986e-02 -1.692157597550788850e+01 1.588727657318562969e-02 -1.317675434152551159e-02 9.997869519789489567e-01 4.725977169856418469e-01
3.279308345641955280e-01 9.446176559450406574e-01 1.260293043214635346e-02 8.481101873201761521e+01 -9.445619058592802375e-01 3.276236146867176346e-01 2.157507169334068817e-02 -1.780063832683041625e+01 1.625117717923475757e-02 -1.897937970659638318e-02 9.996877507490866677e-01 4.974578734388295231e-01
2.919050350900270208e-01 9.562959767429728419e-01 1.701280915832077689e-02 8.510741921620066819e+01 -9.563348426768185639e-01 2.915518762728890878e-01 2.052040025603125636e-02 -1.869989401310377986e+01 1.466346930694445265e-02 -2.225995161600067412e-02 9.996446886370838891e-01 5.229801041006580942e-01
2.557665227234623972e-01 9.665524543327614904e-01 1.897180866049811426e-02 8.536804248340069989e+01 -9.666308143401858288e-01 2.553957983319279368e-01 1.994447888119115636e-02 -1.961438393326808693e+01 1.443207322702980654e-02 -2.343986339271771774e-02 9.996210789446096090e-01 5.547462625281558424e-01
2.199333996233205635e-01 9.753198458680145677e-01 1.950877905585501199e-02 8.559603234044581654e+01 -9.754121954540094785e-01 2.195762431220379118e-01 1.889977638634623286e-02 -2.054545129654206193e+01 1.414966541768359655e-02 -2.318579505447125599e-02 9.996310572546414086e-01 6.012091648401185484e-01
1.845619556012884355e-01 9.826439139856719684e-01 1.865238870645192365e-02 8.578361708616834846e+01 -9.827208126082648265e-01 1.842391539670982792e-01 1.776585378050581782e-02 -2.148714360725663752e+01 1.402101580212076169e-02 -2.160899205612024782e-02 9.996681904316133682e-01 6.449419526182987861e-01
1.498383805821044967e-01 9.886347727961027898e-01 1.223594078068032664e-02 8.593228948562656910e+01 -9.886151444269620781e-01 1.496405433757753145e-01 1.574034750381606007e-02 -2.243977158662149662e+01 1.373047119283989266e-02 -1.445514258049983118e-02 9.998011760421200433e-01 6.819247326656162622e-01
1.161729066224380658e-01 9.931883421555476321e-01 8.985474663671607493e-03 8.604646139082102252e+01 -9.930738618120600325e-01 1.159901648494170573e-01 1.871925474859510372e-02 -2.339332136095786296e+01 1.754952419853361700e-02 -1.109790854989258641e-02 9.997844285281448640e-01 7.214190941518339173e-01
8.354227265346528264e-02 9.964637851461365381e-01 8.984428042115322546e-03 8.613774434993624141e+01 -9.962285126133280100e-01 8.330369488654851273e-02 2.427424931485865078e-02 -2.435198305207181946e+01 2.343997921259084391e-02 -1.097846677161881494e-02 9.996649424599861611e-01 7.537555060142155927e-01
5.397085145954592933e-02 9.985379045549055421e-01 3.045164615027717066e-03 8.619219592715801070e+01 -9.981648432284762062e-01 5.386633456537596315e-02 2.766254075464498821e-02 -2.531487283679252087e+01 2.745806700102015538e-02 -4.532539317972582651e-03 9.996126239750781073e-01 8.030962028088775018e-01
2.822219681015494461e-02 9.996010338591870825e-01 1.118038999842791261e-03 8.621983366671527449e+01 -9.992369071830675686e-01 2.818167396002185798e-02 2.704255074665689457e-02 -2.628569539125621191e+01 2.700025820220978284e-02 -1.880388025925468351e-03 9.996336592298232793e-01 8.446275626984953711e-01
5.680484612943305887e-03 9.999833295808935318e-01 1.021542307501568545e-03 8.623191409504343596e+01 -9.997209125964888754e-01 5.655567822159419770e-03 2.293367513445024319e-02 -2.726747836811209780e+01 2.292751866673652800e-02 -1.151523220585976134e-03 9.997364565648971801e-01 8.911538953701197974e-01
-1.342232178002662583e-02 9.999091624925593447e-01 1.285396749153077311e-03 8.622209138626742231e+01 -9.997180201262139132e-01 -1.344491551914423627e-02 1.956897902201613915e-02 -2.825109977878918244e+01 1.958449369725691683e-02 -1.022365739587815158e-03 9.998076572991707600e-01 9.298236745096397637e-01
-3.000580778685736291e-02 9.995497685612193539e-01 -1.055751051305159783e-04 8.619571469819524623e+01 -9.993008308416558849e-01 -2.999598333152258059e-02 2.231723650456588284e-02 -2.923027278368142490e+01 2.230402142931249554e-02 7.751514621560999215e-04 9.997509511183799713e-01 9.861536280745346605e-01
-4.490826054630824016e-02 9.989889855054499002e-01 -2.091654371680263039e-03 8.615037653952391850e+01 -9.986040097021906536e-01 -4.483249246896192641e-02 2.792704342205094836e-02 -3.021224438501477749e+01 2.780504559957729452e-02 3.342891271768002812e-03 9.996077230152701221e-01 1.036667066733857334e+00
-5.704733551705119809e-02 9.983544544618346839e-01 -5.834838266104377426e-03 8.609104627603726101e+01 -9.978774107346618516e-01 -5.683429246726610234e-02 3.178853828734938547e-02 -3.119839772577408965e+01 3.140461183010641311e-02 7.635915604031771713e-03 9.994775579843172553e-01 1.086682878115956319e+00
-6.649031821618697768e-02 9.977236936326779881e-01 -1.124638574966827474e-02 8.601802919993852470e+01 -9.971828816084260527e-01 -6.605367616998129854e-02 3.553993165831485085e-02 -3.218845024634107688e+01 3.471616772342541596e-02 1.357777689421740645e-02 9.993049043861681469e-01 1.144032122344723623e+00
-7.249510590825661294e-02 9.972673228956983049e-01 -1.422987781073431490e-02 8.593824248430159685e+01 -9.965901871315981930e-01 -7.186751626608488264e-02 4.053410270309531355e-02 -3.317861895277665241e+01 3.940066910426427010e-02 1.711988730369742515e-02 9.990767921743414215e-01 1.197499563021367397e+00
-7.635658663864655638e-02 9.969591349425459548e-01 -1.556166500446778435e-02 8.585856169008012273e+01 -9.960852248591492986e-01 -7.557387927388480031e-02 4.585649122230233549e-02 -3.416958129258674859e+01 4.454100911121634115e-02 1.900220189821473157e-02 9.988267759125313283e-01 1.257242647117432277e+00
-7.930484411978230841e-02 9.966986904312945539e-01 -1.739122577762966873e-02 8.577365486722575838e+01 -9.956968888573584087e-01 -7.836200190917799735e-02 4.946698437990638270e-02 -3.516823895459502580e+01 4.794088209589479621e-02 2.123936649125495943e-02 9.986243260289603407e-01 1.313936915386884952e+00
-8.210689667213409704e-02 9.964715971394395577e-01 -1.740384841241602448e-02 8.568894938349981771e+01 -9.952971687874845319e-01 -8.108451355848324271e-02 5.299755429045169969e-02 -3.616895027373696792e+01 5.139938492781590679e-02 2.167347002002664377e-02 9.984429302306172538e-01 1.377593546402451352e+00
-8.458168459840913200e-02 9.962551140979122311e-01 -1.793452996445978054e-02 8.560128475795110603e+01 -9.949606337286120983e-01 -8.347178222384278590e-02 5.554987708925267914e-02 -3.717164823033530752e+01 5.384484159170640355e-02 2.254266090453307600e-02 9.982948468222518912e-01 1.439401148421469268e+00
-8.665233672258640385e-02 9.960663389940838108e-01 -1.852951883361700358e-02 8.551021937124768613e+01 -9.945575746508061865e-01 -8.541114603898321278e-02 5.966626910889347157e-02 -3.817532766430341695e+01 5.784893683288989258e-02 2.359890359046352970e-02 9.980463827615696504e-01 1.504918785746494514e+00
-8.889353602972485668e-02 9.958203624818715571e-01 -2.097012157643007857e-02 8.540796286786925862e+01 -9.942771933102459991e-01 -8.746403910957827044e-02 6.134223807751547353e-02 -3.918459586253195681e+01 5.925172566278273656e-02 2.630305073194002044e-02 9.978964951393030081e-01 1.582485463792276947e+00
-9.090248554467951492e-02 9.956337532057716322e-01 -2.121944246869857803e-02 8.530584911503102319e+01 -9.941538779347822707e-01 -8.947953385933386794e-02 6.042708348116929140e-02 -4.020240900673458384e+01 5.826455276877699763e-02 2.658838247091546356e-02 9.979470594040132925e-01 1.663855538542014845e+00
-9.327493727984167982e-02 9.954391791376832055e-01 -2.001894748324002660e-02 8.520440570798535873e+01 -9.940060613293223435e-01 -9.195146383844010618e-02 5.913326980087015711e-02 -4.122147325943399210e+01 5.702280443095466417e-02 2.541462257595357432e-02 9.980493111182818788e-01 1.740044537193825125e+00
-9.533229910378376859e-02 9.952392109060532732e-01 -2.026539425809437481e-02 8.509928529361050664e+01 -9.937247660601410404e-01 -9.395129724246464864e-02 6.069741947288191664e-02 -4.224054415932985052e+01 5.850450586406178571e-02 2.592466308323932225e-02 9.979503963462483807e-01 1.810784619846411925e+00
-9.776914585585146089e-02 9.950332532539141184e-01 -1.870920611266727041e-02 8.499409110188966565e+01 -9.933713603318352625e-01 -9.642943545393174720e-02 6.256750926974823102e-02 -4.326290870117319542e+01 6.045264152033705263e-02 2.470237400016048537e-02 9.978653513097831551e-01 1.883116238698696598e+00
-1.003469147774667669e-01 9.948087452010775378e-01 -1.691303694337930458e-02 8.488233170368140179e+01 -9.929508094469782220e-01 -9.905287873456170011e-02 6.509322264235896383e-02 -4.429202126838415410e+01 6.308003179537224892e-02 2.332573845475934687e-02 9.977358435120284863e-01 1.959029682149785456e+00
-1.028143756751357246e-01 9.945991545093326724e-01 -1.420175244477532919e-02 8.476770407855229905e+01 -9.924667563204608856e-01 -1.016167417761309200e-01 6.843772964703885575e-02 -4.532501999620915001e+01 6.662499023423970601e-02 2.113116518101791630e-02 9.975543174512665479e-01 2.037507476559095476e+00
-1.048549117559381960e-01 9.944347455087582111e-01 -1.024963384837070460e-02 8.465369707059772963e+01 -9.919266276698297524e-01 -1.038401454271230540e-01 7.279187939470141422e-02 -4.636012850320633305e+01 7.132245603403067347e-02 1.779948422605508868e-02 9.972944571830612004e-01 2.116163346343288065e+00
-1.072326511159407830e-01 9.942055571212704557e-01 -7.520766461513986659e-03 8.453512372581784007e+01 -9.914666386664352515e-01 -1.063671013186929110e-01 7.536484524914502381e-02 -4.740115418847636164e+01 7.412819503363196616e-02 1.553816818891569189e-02 9.971276524346336378e-01 2.198452817091053557e+00
-1.097457730694679084e-01 9.939435251605941435e-01 -5.672976192790219266e-03 8.441529419386517930e+01 -9.912885813988163708e-01 -1.090308588731209727e-01 7.388557888874211499e-02 -4.844611800071222518e+01 7.281956948183948564e-02 1.373219097116115846e-02 9.972505319425888359e-01 2.279525568175061689e+00
-1.125017476822795376e-01 9.936483338978163715e-01 -2.537284476880691947e-03 8.429123818144563529e+01 -9.912749912056285639e-01 -1.120557379710516999e-01 6.940672451963385281e-02 -4.950225338716143852e+01 6.868157148618779517e-02 1.032353483604185954e-02 9.975851856533312079e-01 2.371872422813513737e+00
-1.150418579453966611e-01 9.933578285514308437e-01 -2.382460518925166599e-03 8.416167041936725468e+01 -9.910967769557759155e-01 -1.146175982434505525e-01 6.774835613822474678e-02 -5.055682866027364497e+01 6.702529823812358734e-02 1.015515316252799637e-02 9.976995561888470920e-01 2.456536008809729665e+00
-1.169257752891371821e-01 9.931387998133338613e-01 -1.919339087228906114e-03 8.402891851448777061e+01 -9.908580176182766319e-01 -1.165258766443913185e-01 6.798625592019127972e-02 -5.161345564322223112e+01 6.729614610172439393e-02 9.851154617741192387e-03 9.976843519335285571e-01 2.538993672158019077e+00
-1.183834059481251588e-01 9.929637464686349446e-01 -2.890059247281336844e-03 8.389317070533891751e+01 -9.905032061724962089e-01 -1.178841961426779772e-01 7.075770986207814695e-02 -5.266990506263533689e+01 6.991916904594262794e-02 1.123916776214788256e-02 9.974893020908031094e-01 2.617822604359304250e+00
-1.190764997823270804e-01 9.928804270572746393e-01 -3.039000505376292498e-03 8.375585888736029005e+01 -9.902234561649291278e-01 -1.185327397549612582e-01 7.353493307168809667e-02 -5.372903788432262928e+01 7.265119002092244871e-02 1.176557904203885847e-02 9.972879395372883371e-01 2.699459795119813155e+00
-1.194527855653647747e-01 9.928378052204777093e-01 -2.035957785592817492e-03 8.361822885401429062e+01 -9.900831951443185286e-01 -1.189682533866629893e-01 7.471157545201018157e-02 -5.479804641151277877e+01 7.393427658814906434e-02 1.094028332444000121e-02 9.972030389520276650e-01 2.786257872966335647e+00
-1.190382133760077704e-01 9.928890666408531906e-01 1.092756883979004211e-03 8.348498170727204126e+01 -9.902348882414960807e-01 -1.188003258594808598e-01 7.294648747036332204e-02 -5.587154618537867634e+01 7.255760590697153678e-02 7.601341948139351060e-03 9.973352392354886131e-01 2.872536446238484587e+00
-1.189655948451781436e-01 9.928866464808157044e-01 4.833235010201764742e-03 8.335278976627778036e+01 -9.902347865817237027e-01 -1.190013875259974541e-01 7.261997706622932980e-02 -5.694668654184336276e+01 7.267857909008418327e-02 3.853251345477995415e-03 9.973479823711756120e-01 2.961251619267869284e+00
-1.187656657819949474e-01 9.928845039572689046e-01 8.663040612555397355e-03 8.322276840823846555e+01 -9.901615562806453941e-01 -1.190811661933148802e-01 7.348221380692754323e-02 -5.802321885604327889e+01 7.399096631094562171e-02 1.493586824310389946e-04 9.972588319753098451e-01 3.047109248170988938e+00
-1.188056083497480153e-01 9.928352146331327344e-01 1.278571059996082282e-02 8.309062452072065241e+01 -9.900945545426026451e-01 -1.194283518766931507e-01 7.382077709068975147e-02 -5.910607502135967195e+01 7.481885221446663015e-02 -3.888735404300347042e-03 9.971895602264411185e-01 3.137065863505398511e+00
-1.190009030161367776e-01 9.927596860802262446e-01 1.634050550341796179e-02 8.295818215124586459e+01 -9.901059280020011455e-01 -1.198831764996918930e-01 7.292599025284654535e-02 -6.019681326492461437e+01 7.435695002825508382e-02 -7.500567910902893563e-03 9.972034795158286613e-01 3.226662277325063943e+00
-1.194255520782932789e-01 9.927162377002364257e-01 1.587663764873314259e-02 8.281505959742020195e+01 -9.904135715810671314e-01 -1.202361448978902653e-01 6.800090483131587815e-02 -6.130312458942295706e+01 6.941455991780978718e-02 -7.603388159020140792e-03 9.975588969761834957e-01 3.315031335058641115e+00
-1.199934811868384049e-01 9.927038496011409974e-01 1.186386570495863088e-02 8.267233985698322840e+01 -9.909247117898496438e-01 -1.204905422247133512e-01 5.958292726768021907e-02 -6.240666994972287540e+01 6.057769046342492691e-02 -4.606631948142488053e-03 9.981528234115516485e-01 3.389549114838426025e+00
-1.203226435955957324e-01 9.927145527612231124e-01 6.352432993197723587e-03 8.252330247595057244e+01 -9.913023417739674770e-01 -1.204902100030083439e-01 5.293039946720005245e-02 -6.351713714496400343e+01 5.331018799734641572e-02 7.155370147729512578e-05 9.985779535986040178e-01 3.451521918786704557e+00
-1.200907445689670255e-01 9.927605233483384195e-01 -2.196047416789601546e-03 8.236883823270412108e+01 -9.912395235641344726e-01 -1.197836845796420024e-01 5.564110244169784975e-02 -6.461889686185925541e+01 5.497525178583988203e-02 8.858800488957050204e-03 9.984484291486089846e-01 3.505551322958325500e+00
-1.193358720682269336e-01 9.928237963607964289e-01 -7.741801429366348443e-03 8.221596628913916049e+01 -9.910244908741889791e-01 -1.186392210318446272e-01 6.160495571326973091e-02 -6.572290642901469937e+01 6.024439297659194004e-02 1.502400885767223720e-02 9.980705931000716236e-01 3.557740421874338477e+00
-1.188027118784698993e-01 9.928622369569791717e-01 -1.051710369809234075e-02 8.206946450431534856e+01 -9.907508448984166938e-01 -1.178373024049674672e-01 6.728297722995722763e-02 -6.683186620645641085e+01 6.556343631592512211e-02 1.841323968565166530e-02 9.976785142834373454e-01 3.619232996560477478e+00
-1.182328042897306530e-01 9.929225664689371733e-01 -1.122103115213197826e-02 8.192638440756631724e+01 -9.905674800510670952e-01 -1.171491374450929351e-01 7.107729980452166807e-02 -6.794543548651597575e+01 6.925972759618898023e-02 1.951886736096566932e-02 9.974076417348235468e-01 3.688586798883891849e+00
-1.180247922179564479e-01 9.929739942088017246e-01 -8.530778565378599118e-03 8.178850518110158418e+01 -9.906365783773625200e-01 -1.171446018806531902e-01 7.011654727820769428e-02 -6.907066445001953525e+01 6.862459017509339732e-02 1.672639225727813594e-02 9.975022940986096875e-01 3.760399741316073019e+00
-1.175486014654497785e-01 9.930424351526807580e-01 -7.002758574310847563e-03 8.164991001205241616e+01 -9.910171529227079779e-01 -1.168502485503259136e-01 6.504523073758701479e-02 -7.020359760679107808e+01 6.377440770096007294e-02 1.458584629318705229e-02 9.978577500157758129e-01 3.836769926827506172e+00
-1.172081585300032702e-01 9.930904299039070571e-01 -5.799666494757178131e-03 8.151245623751975700e+01 -9.912339477562495116e-01 -1.166265052793549473e-01 6.207663729849091649e-02 -7.134050275849131140e+01 6.097132588107287421e-02 1.302472421883244316e-02 9.980544638093581389e-01 3.905366279363041038e+00
