9.999999999947492002e-01 -1.675035195096816927e-10 -3.575537318610938132e-10 -2.607530857900997034e-11 -1.675035335817039936e-10 1.000000000000412337e+00 1.370878311006055739e-11 5.690117908102587663e-11 -3.575537403984057351e-10 1.370878370708137467e-11 1.000000000004838796e+00 1.196773097289494103e-10
9.999982171067215431e-01 -1.611425320225842034e-03 -9.879612509501409668e-04 5.653133714040372571e-01 1.609478420576662596e-03 9.999968163223679207e-01 -1.967710842414330252e-03 -5.284684780848186887e-03 9.911281427697417497e-04 1.966117917901830364e-03 9.999975665709106565e-01 5.766731430430244165e-03
9.999935335218886889e-01 -2.726799756529537603e-03 -2.336630774834358697e-03 1.127536902211703218e+00 2.720983519204633015e-03 9.999931618834051461e-01 -2.488566289171692016e-03 -4.485897734127929429e-03 2.343399978323257391e-03 2.482192675572371301e-03 9.999941045947061680e-01 1.430886368434172023e-02
9.999833585334264585e-01 -4.544940705460348909e-03 -3.556414020404544737e-03 1.689184450785238933e+00 4.535880434233973378e-03 9.999864464455866520e-01 -2.551300357807944567e-03 2.742432150998421175e-03 3.567961369189365413e-03 2.535126853839169466e-03 9.999903950209872994e-01 2.931961552878539767e-02
9.999635516778652145e-01 -6.546609576807599189e-03 -5.474819848422839488e-03 2.251223610520759255e+00 6.521007008282423030e-03 9.999678351039638091e-01 -4.681324309655700115e-03 8.010347928110372537e-03 5.505291018572167072e-03 4.645454679705586336e-03 9.999740132181711427e-01 4.290468693177890147e-02
9.999383767247703725e-01 -8.099547968233032288e-03 -7.589665909829183127e-03 2.815934999307343922e+00 8.045130540642890862e-03 9.999418944528639663e-01 -7.173334896523770980e-03 1.149230744355210845e-02 7.647326787267224799e-03 7.111835096975380362e-03 9.999454288223659226e-01 5.357832315806746598e-02
9.999187827560186426e-01 -9.487361868789507061e-03 -8.513643814030247281e-03 3.390185502647969251e+00 9.416223229482028473e-03 9.999207804222770557e-01 -8.357401444419492939e-03 1.906792306147703578e-02 8.592258490861098483e-03 8.276557986557294549e-03 9.999288368217046363e-01 6.616133711349367341e-02
9.999109804121875111e-01 -1.085910979742825237e-02 -7.752745334916142685e-03 3.969579441409047060e+00 1.079250514746385968e-02 9.999048993308240485e-01 -8.581894082633413634e-03 2.922605058366857175e-02 7.845201146645951890e-03 8.497459890811723607e-03 9.999331202569886612e-01 8.181508965998024463e-02
9.998960589798252530e-01 -1.201501959695135645e-02 -7.964670785690373955e-03 4.556452963768297337e+00 1.194425105389028234e-02 9.998892995335416645e-01 -8.875268629894336736e-03 4.196859315793718265e-02 8.070426518081647363e-03 8.779217129021035793e-03 9.999288414866336350e-01 1.029918034610319971e-01
9.998587501908080544e-01 -1.319642737904838832e-02 -1.041352841204279053e-02 5.150693851877727880e+00 1.310978227897290418e-02 9.998792643979076411e-01 -8.345713706142862329e-03 5.450719010736686243e-02 1.052240816558264180e-02 8.208017619026843417e-03 9.999108854112847000e-01 1.211713331602534971e-01
9.997946359200582389e-01 -1.432637727892155551e-02 -1.433177417693389834e-02 5.751403008434321507e+00 1.423227021055202719e-02 9.998766246554765535e-01 -6.646774222774833561e-03 7.089326040934514073e-02 1.442523019507530209e-02 6.441437461110402843e-03 9.998751394244654866e-01 1.388946925669050092e-01
9.997156379389849912e-01 -1.552469992754291171e-02 -1.810288105598313255e-02 6.363939290777937963e+00 1.543380469390238582e-02 9.998676291498673763e-01 -5.150181692685222752e-03 8.683268151803781587e-02 1.818043349521965626e-02 4.869322229061768398e-03 9.998228329111479296e-01 1.531006584681085247e-01
9.996814596242227235e-01 -1.669685303235030407e-02 -1.892793896916958665e-02 6.989711586915954733e+00 1.662973982904582954e-02 9.998548671429389190e-01 -3.697467059673610959e-03 1.036455435081475029e-01 1.898693779334846218e-02 3.381522773404791252e-03 9.998139732328386042e-01 1.680324064955224794e-01
9.997631974451982595e-01 -1.779137805853694965e-02 -1.252927440144085795e-02 7.638276802858958270e+00 1.777765854011457633e-02 9.998412134074814439e-01 -1.206083234031608701e-03 1.227534155721166087e-01 1.254875043196151951e-02 9.830558249378795483e-04 9.999207891473207432e-01 1.839636696427097151e-01
9.998242151746047357e-01 -1.864982382353267895e-02 -1.923614330992883632e-03 8.303699368818650228e+00 1.864946835958403853e-02 9.998260782136338953e-01 -2.057891562378481572e-04 1.412337272355594087e-01 1.927117037567273403e-03 1.698792300551672492e-04 9.999981066117618056e-01 2.009983553934858724e-01
9.997973800191582994e-01 -1.942051934315821779e-02 5.293569369462131601e-03 8.980670426933272665e+00 1.941619773585420011e-02 9.998111692956350716e-01 8.675401355855520951e-04 1.596431193998315567e-01 -5.309420456262813580e-03 -7.645810543261741645e-04 9.999855506852071141e-01 2.187135023562581382e-01
9.997714302066758041e-01 -2.070027424546243278e-02 5.339099159102244328e-03 9.664358766280818358e+00 2.068314427959351900e-02 9.997808261694963727e-01 3.244447707228916185e-03 1.812587261680667639e-01 -5.405092150376755548e-03 -3.133276219577007127e-03 9.999804436238279859e-01 2.331116692183857197e-01
9.997674521435351291e-01 -2.146898395446350180e-02 -2.059476846049020093e-03 1.035566361409234659e+01 2.147987067573697839e-02 9.997546122415639225e-01 5.418233269095533780e-03 2.050977651239974109e-01 1.942645956539441410e-03 -5.461209485043154802e-03 9.999831356149011530e-01 2.374938254927978498e-01
9.997082757952407972e-01 -2.234265241266269672e-02 -9.170365866566216120e-03 1.106575051856610337e+01 2.238628224436486902e-02 9.997384466877419218e-01 4.682485013766192299e-03 2.242058187332679198e-01 9.063349930598714466e-03 -4.886409737022528489e-03 9.999469775170176655e-01 2.362765739568961632e-01
9.996828330751357239e-01 -2.367728307782930586e-02 -8.575460957626514572e-03 1.180001037598888480e+01 2.369934836020599206e-02 9.997160718848657757e-01 2.480355902934801206e-03 2.385605821584985131e-01 8.514299017941439479e-03 -2.682801281262113709e-03 9.999600950399988308e-01 2.378785946169340582e-01
9.997067136218573680e-01 -2.418617268748388116e-02 1.261859935798983817e-03 1.256109392293886273e+01 2.418396788113642837e-02 9.997060364396640475e-01 1.732064826763027136e-03 2.489132806117688168e-01 -1.303383500565470773e-03 -1.701038325219859926e-03 9.999976499384789497e-01 2.417950492221491998e-01
9.996529485803444803e-01 -2.467643186818448825e-02 9.221807647123816606e-03 1.333824890570534727e+01 2.466412392966644759e-02 9.996947739528126986e-01 1.446219135241368992e-03 2.613886199027259383e-01 -9.254683514376227035e-03 -1.218268319303316208e-03 9.999563774668430716e-01 2.440349298507744069e-01
9.996116050851835411e-01 -2.514246033691740212e-02 1.202281087805315805e-02 1.412730089836048464e+01 2.513740999510102533e-02 9.996838624906738691e-01 5.714337797962335420e-04 2.763251663536400726e-01 -1.203338055238999983e-02 -2.689888267344142788e-04 9.999275324241430063e-01 2.439591617546344460e-01
9.996171989068269870e-01 -2.535337929034046575e-02 1.107901711691032520e-02 1.493088014659003804e+01 2.537228954442893522e-02 9.996768924705703441e-01 -1.569639296029344327e-03 2.888841532168753834e-01 -1.103563965929319803e-02 1.850139335581031273e-03 9.999374086226030522e-01 2.393442959612124277e-01
9.996511261524423375e-01 -2.503033084210152040e-02 8.436119117563325998e-03 1.575187439666594535e+01 2.505121407340881942e-02 9.996833500099006065e-01 -2.378947890752405609e-03 3.054815938236438155e-01 -8.373905853431326540e-03 2.589454918100798659e-03 9.999615238376571291e-01 2.331118441067195901e-01
9.996911146971770856e-01 -2.436579273910970816e-02 4.905857683320316576e-03 1.658454132794693692e+01 2.436663367315370504e-02 9.997031192363182717e-01 -1.119583920206397874e-04 3.178039879025655323e-01 -4.901675762038094387e-03 2.314636123100713829e-04 9.999879660665050851e-01 2.278600122725361610e-01
9.997278090794247118e-01 -2.332708063213864008e-02 -3.340943456646863850e-04 1.743052391109466726e+01 2.332605963936736429e-02 9.997240520976939937e-01 -2.789805757497502894e-03 3.239218011306514988e-01 3.990795656878025821e-04 2.781254390582465607e-03 9.999960388228815722e-01 2.270098459571207317e-01
9.997219507747825418e-01 -2.267578236066486799e-02 -6.474494103603821611e-03 1.829009579729730106e+01 2.263911279045193597e-02 9.997275421683736729e-01 -5.681535634669820749e-03 3.248076513017337796e-01 6.601563096834532109e-03 5.533379860663698892e-03 9.999629070568440969e-01 2.326174798628069529e-01
9.996917848080348890e-01 -2.146007334145377116e-02 -1.248517626048045552e-02 1.917135942396089376e+01 2.139649963871653390e-02 9.997575675526613193e-01 -5.203738333505898532e-03 3.361991519033380449e-01 1.259382849355804301e-02 4.934998273960913319e-03 9.999084476393038656e-01 2.386558470965218226e-01
9.996849252198306557e-01 -2.119658149045877335e-02 -1.344531621034808326e-02 2.007234704370064904e+01 2.114518818405850334e-02 9.997685816815062854e-01 -3.953106919388913593e-03 3.464513405270348012e-01 1.352599604582500371e-02 3.667558568596488051e-03 9.999017930986634495e-01 2.518848514079577439e-01
9.996868878728573105e-01 -2.145389781911510516e-02 -1.287651257727950339e-02 2.099256930851919734e+01 2.140996320625193974e-02 9.997644966859846605e-01 -3.539786901871153340e-03 3.579512946758078851e-01 1.294942886711928157e-02 3.262993606523513328e-03 9.999108154411582294e-01 2.704586952408761236e-01
9.996755407534047011e-01 -2.138833893988563439e-02 -1.383569764040661412e-02 2.192695017454449768e+01 2.135824951894410226e-02 9.997692288094331969e-01 -2.319342128206106600e-03 3.692551167367703613e-01 1.388210465222313068e-02 2.023084819669771373e-03 9.999015304371625668e-01 2.913605620046820222e-01
9.996464365732550261e-01 -2.118385790282953027e-02 -1.606817378883226496e-02 2.287983567680347718e+01 2.119236291737187569e-02 9.997753153396191639e-01 3.593149315550976642e-04 3.854684371721625591e-01 1.605695632168571696e-02 -6.997113385679201150e-04 9.998708480871258963e-01 3.126495895680136416e-01
9.996315572267088223e-01 -2.115707592024581446e-02 -1.700221630165358461e-02 2.385142553601385274e+01 2.122637866940291912e-02 9.997670577467800967e-01 3.905924943243628024e-03 3.969141769159637567e-01 1.691562024228964595e-02 -4.265381883684794123e-03 9.998477850265112821e-01 3.343745947514104588e-01
9.996362696289861072e-01 -2.104485548548943805e-02 -1.686523894710683508e-02 2.482739671597439468e+01 2.114335695353232805e-02 9.997602642965407460e-01 5.683764351831501437e-03 4.129852841358228055e-01 1.674158091255145350e-02 -6.038284968686511746e-03 9.998415660744736089e-01 3.576667399089823451e-01
9.996332665682799989e-01 -2.126150124076858425e-02 -1.676948010826113250e-02 2.581015807587118971e+01 2.137380624799146284e-02 9.997501506197458143e-01 6.546270397175609108e-03 4.293936377478919098e-01 1.662610977178580890e-02 -6.902297365868509046e-03 9.998378828119744988e-01 3.811321034597323076e-01
9.996272564185878506e-01 -2.144791524821779150e-02 -1.688976628408717096e-02 2.679772779887914425e+01 2.156152534471029655e-02 9.997458938689163244e-01 6.573879442822590582e-03 4.458093862597050094e-01 1.674448658405302409e-02 -6.935600172844147947e-03 9.998357497124964466e-01 4.050365953461363411e-01
9.996380383327477803e-01 -2.181065090983231453e-02 -1.575321891429172852e-02 2.779903817754768980e+01 2.192862301017261747e-02 9.997325320157663953e-01 7.355230847156894909e-03 4.639820577918058464e-01 1.558858583070983107e-02 -7.698014632725238941e-03 9.998488296514861373e-01 4.306913727646214385e-01
9.996589162305082876e-01 -2.212901563754689216e-02 -1.386742711792536727e-02 2.880658710716213022e+01 2.224201864703401546e-02 9.997202409600820516e-01 8.048670115455295454e-03 4.824723697316206650e-01 1.368544040460172896e-02 -8.354365967583609470e-03 9.998714428094098716e-01 4.557322213422099755e-01
9.996676988165563715e-01 -2.248192992264469101e-02 -1.260990194354750897e-02 2.982109353549198971e+01 2.259259680209842192e-02 9.997068533789227329e-01 8.703436323124544641e-03 5.017569011540650159e-01 1.241053667377826734e-02 -8.985434584875806249e-03 9.998825478045212378e-01 4.804848365489509110e-01
9.996573241912588559e-01 -2.252091318857372265e-02 -1.334714298376326984e-02 3.084215671212594145e+01 2.263639638411493044e-02 9.997070832547001462e-01 8.565338732646388467e-03 5.201980952396882962e-01 1.315033264244738417e-02 -8.864535346514207728e-03 9.998741925540414188e-01 5.047312287355166793e-01
9.996371022093171188e-01 -2.267230240380324613e-02 -1.455104378028656588e-02 3.187071322143408025e+01 2.281382866237689766e-02 9.996932714563789846e-01 9.635410604579744409e-03 5.410326480022114026e-01 1.432812644165729066e-02 -9.963879912947795625e-03 9.998476263343041293e-01 5.275080640773118779e-01
9.996397921046927815e-01 -2.302222179706943025e-02 -1.379636680825081438e-02 3.290685979122666538e+01 2.315355758660179661e-02 9.996873891844542115e-01 9.436373681054393073e-03 5.615809004636194146e-01 1.357480943977929996e-02 -9.752410683441474840e-03 9.998603187108533463e-01 5.525859875084314643e-01
9.996565988345209597e-01 -2.375147409658454403e-02 -1.106812159056203525e-02 3.395422005632755713e+01 2.384854583772471129e-02 9.996775065671348326e-01 8.723067845794999289e-03 5.812321115741670985e-01 1.085736269002714194e-02 -8.984032330441286615e-03 9.999006945983442973e-01 5.771149437907674429e-01
9.996797928328864380e-01 -2.413710710614410879e-02 -7.594535684434802585e-03 3.500962082043660928e+01 2.420484089964596019e-02 9.996669151800640085e-01 8.957969989852191187e-03 6.027018590071727688e-01 7.375786740181972632e-03 -9.138925587685633664e-03 9.999309919870499330e-01 6.005878851041556166e-01
9.996826964296879892e-01 -2.468377199822690063e-02 -5.019487140315230349e-03 3.607287884084195184e+01 2.472886913141459503e-02 9.996524752489233112e-01 9.130596591327899345e-03 6.250649177509786103e-01 4.792365561855989504e-03 -9.251828271872255746e-03 9.999457283213889491e-01 6.218006616655317176e-01
9.996721653355852277e-01 -2.522414481914090137e-02 -4.400703185610588264e-03 3.713578859199690640e+01 2.526321415901662190e-02 9.996397807120591672e-01 9.060088020456852353e-03 6.499296913758715322e-01 4.170584155344030791e-03 -9.168293879446880873e-03 9.999492539523558987e-01 6.424393684729358123e-01
9.996548560112102910e-01 -2.558655669901167481e-02 -5.965529135428323734e-03 3.820745966563237772e+01 2.563667514825907628e-02 9.996353960586624732e-01 8.482286091155590360e-03 6.667891429242143175e-01 5.746321683155077194e-03 -8.632294488591481935e-03 9.999462479301274298e-01 6.558079025284235808e-01
9.996440077567935178e-01 -2.592744333007332078e-02 -6.298117752382110385e-03 3.928297886117773885e+01 2.598171334679508920e-02 9.996246727127556797e-01 8.693422156872110049e-03 6.774037611299450479e-01 6.070354202535198709e-03 -8.853962901781061226e-03 9.999423195304512069e-01 6.662586148353130122e-01
9.996346996264584561e-01 -2.647665704246720056e-02 -5.426975290845017022e-03 4.035981561702442377e+01 2.652205470165718004e-02 9.996123295296653888e-01 8.471776183692254422e-03 6.974286720918611016e-01 5.200566504253151603e-03 -8.612617080588014923e-03 9.999493708438764727e-01 6.849461390779753023e-01
9.996224342671049534e-01 -2.727438446516353490e-02 -3.336123398533841645e-03 4.143760971418399919e+01 2.730166644700537937e-02 9.995917356607338933e-01 8.426951441296392023e-03 7.208618187003363875e-01 3.104921519782188281e-03 -8.514853026488770557e-03 9.999589300721614116e-01 7.069775192314898815e-01
9.996107489578434091e-01 -2.787948401700875503e-02 -1.020398700653660576e-03 4.251344338622904218e+01 2.788720544870623708e-02 9.995745660677989308e-01 8.545732715689013589e-03 7.470883643758688963e-01 7.817138618554249872e-04 -8.570864370614366540e-03 9.999629849743580934e-01 7.286202068723958147e-01
9.995976417110488121e-01 -2.836220468643749215e-02 -4.946571290862623134e-04 4.358773266084253351e+01 2.836574330380771392e-02 9.995472519226207275e-01 1.003363158156579150e-02 7.752228549623544351e-01 2.098552476783489427e-04 -1.004363052315231271e-02 9.999495063663307315e-01 7.506965283956930080e-01
9.995775527240401415e-01 -2.869942499100461633e-02 -4.581910483704567522e-03 4.465250581684519204e+01 2.874736024031911835e-02 9.995288118461921334e-01 1.076248946099688311e-02 8.081425623226538013e-01 4.270873584513566572e-03 -1.088966066553285518e-02 9.999315354297682035e-01 7.636908968070018622e-01
9.995460874035949628e-01 -2.871145196630385532e-02 -9.129268637874859982e-03 4.571423237003730122e+01 2.882165300895368071e-02 9.995103473127702198e-01 1.217823673283938320e-02 8.449761929202638244e-01 8.775144143699398214e-03 -1.243583294254523713e-02 9.998841652836354399e-01 7.728524890012344883e-01
9.995363547258776515e-01 -2.886355175475619969e-02 -9.699749605767500962e-03 4.678690418003317575e+01 2.898801821777759538e-02 9.994959625216081056e-01 1.294688941107455943e-02 8.795601568217722432e-01 9.321167073769526940e-03 -1.322206267383855757e-02 9.998690827525147373e-01 7.889260411437443166e-01
9.995641911330243046e-01 -2.869475242910173376e-02 -6.935581107749611007e-03 4.786568043319937971e+01 2.878357832605785496e-02 9.995002744225410796e-01 1.306534603897970340e-02 9.116012300604129370e-01 6.557208315822228746e-03 -1.325928303126053427e-02 9.998905344444348753e-01 8.058017457092163660e-01
9.995816913618766897e-01 -2.854416245920123399e-02 -4.667253822564229951e-03 4.894244941964351625e+01 2.860697511729324433e-02 9.994927896762730857e-01 1.399691891640653454e-02 9.441304936612869847e-01 4.265355595754779898e-03 -1.412458297632401827e-02 9.998911189618503448e-01 8.203756379490005912e-01
9.995885494063269094e-01 -2.849056948906283568e-02 -3.307881096114504739e-03 5.001871726626622205e+01 2.852794359941348765e-02 9.995226289994529889e-01 1.185942215611552816e-02 9.712882427714487621e-01 2.968421316858753812e-03 -1.194891721371589381e-02 9.999242215942205636e-01 8.321263291279105134e-01
9.995987976762925609e-01 -2.816273210728214779e-02 -3.006887878792227110e-03 5.109747064594296972e+01 2.819909798934774198e-02 9.995200525439372763e-01 1.282617693419460872e-02 1.002375280551084602e+00 2.644223873687372682e-03 -1.290582330819526821e-02 9.999131497797704160e-01 8.448827694230101049e-01
9.995997661602964435e-01 -2.768647047643875425e-02 -5.818194400766162934e-03 5.216771652063494713e+01 2.774730464625489376e-02 9.995582311891816341e-01 1.064844178920691838e-02 1.030690449527480901e+00 5.520805761639430501e-03 -1.080561969159337526e-02 9.999263026505219587e-01 8.533169574029945137e-01
9.995852327887043698e-01 -2.755990437713674857e-02 -8.352295007302239574e-03 5.324075976731600690e+01 2.765727428936175583e-02 9.995481194448270212e-01 1.177532978942102439e-02 1.063348357783804099e+00 8.023994211656339595e-03 -1.200145651175021054e-02 9.998957477664687232e-01 8.611264801350402287e-01
9.995700336238346750e-01 -2.744327929534094365e-02 -1.032231216000614564e-02 5.431462914703941181e+01 2.755473938736760844e-02 9.995618257399624396e-01 1.081533717439294752e-02 1.094185365348693040e+00 1.002097922900312132e-02 -1.109512294742310591e-02 9.998882406362030739e-01 8.747074434961981115e-01
9.995369057378790112e-01 -2.737541871247253789e-02 -1.328911534943282360e-02 5.538060277159156897e+01 2.750183464097276723e-02 9.995773537477367077e-01 9.425532118722629304e-03 1.130290227240985157e+00 1.302547110320393352e-02 -9.786642529092490217e-03 9.998672405143845809e-01 8.901719617733185874e-01
9.995045064141524493e-01 -2.721456614548330155e-02 -1.581833207467399707e-02 5.645196163418567181e+01 2.733954430913703229e-02 9.995963014151957315e-01 7.738582360136140453e-03 1.161495005538304870e+00 1.560134251784319609e-02 -8.167213715984666944e-03 9.998448921706523107e-01 9.105088124931174365e-01
9.995386012640912199e-01 -2.709444440050575928e-02 -1.373140166802371866e-02 5.752301401307119022e+01 2.718333590808128322e-02 9.996103974662531311e-01 6.329058161600588199e-03 1.196465687381978560e+00 1.355457583185532867e-02 -6.699405100082732323e-03 9.998857012696559243e-01 9.324306561411904726e-01
9.996025388182577798e-01 -2.714449812802441700e-02 -7.615792884895383232e-03 5.860979734116676099e+01 2.718381545677257469e-02 9.996174552477562480e-01 5.107289012904818806e-03 1.226997967984241988e+00 7.474244305396255707e-03 -5.312284555004147257e-03 9.999579059339863685e-01 9.502859230430712456e-01
9.996361921810811291e-01 -2.693017653390473651e-02 -1.503093024596438869e-03 5.969557531671286199e+01 2.693600656513270991e-02 9.996291812126160137e-01 4.002600878504788268e-03 1.259900128115920115e+00 1.394744305810944338e-03 -4.041632425857297206e-03 9.999908266063030071e-01 9.618889835765176421e-01
9.996409791487080865e-01 -2.679362211523873827e-02 -1.430159679420459312e-04 6.077851897901464895e+01 2.679387454154051953e-02 9.996383013455011346e-01 2.332340358583868782e-03 1.288575205798092593e+00 8.047081322904480805e-05 -2.335333982338648560e-03 9.999972195057911240e-01 9.708525414208406534e-01
9.996428171133734386e-01 -2.652015181903933858e-02 -3.304646456590106928e-03 6.185729373650414686e+01 2.651753917575853242e-02 9.996479891152896258e-01 -8.313741933796180497e-04 1.312940574900298474e+00 3.325530584687406716e-03 7.434461498523405347e-04 9.999941937713372475e-01 9.735208189943722612e-01
9.996284070682520673e-01 -2.645828413288410161e-02 -6.558267440153884263e-03 6.293485647110548342e+01 2.644098481267215597e-02 9.996467122029196739e-01 -2.711273048134258887e-03 1.335715801980357442e+00 6.627686951199745526e-03 2.536860030866618879e-03 9.999747807288283941e-01 9.782375532847660260e-01
9.995955785207257804e-01 -2.647112687219122656e-02 -1.039257210546973807e-02 6.401358831506348679e+01 2.646500227881447981e-02 9.996495057958744157e-01 -7.265884473605397969e-04 1.364183273469470992e+00 1.040816936495615221e-02 4.512557479204358860e-04 9.999457156834001825e-01 9.885286638495037748e-01
9.995385696217163884e-01 -2.638059164152824210e-02 -1.505658665142603665e-02 6.509468876840344365e+01 2.636176354534639638e-02 9.996514162303823392e-01 -1.447749439220563043e-03 1.390228704602676002e+00 1.508952740345079202e-02 1.050163030205398520e-03 9.998856141479016690e-01 9.995740133822261786e-01
9.995399041289270148e-01 -2.579624610369741708e-02 -1.595174952226367099e-02 6.617923207679045561e+01 2.582906535925415248e-02 9.996646325890912177e-01 1.854732254261946128e-03 1.419203650951703422e+00 1.589855602460701206e-02 -2.265898529188683889e-03 9.998710632819821642e-01 1.013518962338817220e+00
9.996168362722632761e-01 -2.478975946290069843e-02 -1.231791006198729339e-02 6.727135334654002463e+01 2.487367083449280175e-02 9.996680744134318619e-01 6.706855325024599530e-03 1.452269344851015553e+00 1.214756203894558698e-02 -7.010677853155036950e-03 9.999015893143052836e-01 1.032332246311068014e+00
9.996468059539836970e-01 -2.468117335446824018e-02 -9.854187153769502702e-03 6.836001119395922387e+01 2.476201155936213344e-02 9.996599748560449639e-01 8.167874771396346420e-03 1.480458878545902301e+00 9.649244327534445276e-03 -8.409000054084068629e-03 9.999180191899716963e-01 1.049444688213479360e+00
9.996453996000930209e-01 -2.485188228701514304e-02 -9.568563791443700922e-03 6.944541333900828306e+01 2.492339970593268270e-02 9.996617490494414948e-01 7.428959859458533592e-03 1.503972541971694277e+00 9.380703103439249138e-03 -7.664806323983213224e-03 9.999265513504658198e-01 1.060872419652708398e+00
9.996577108642108467e-01 -2.470361202602788103e-02 -8.614032843705217435e-03 7.053304738213107328e+01 2.475531993713616860e-02 9.996758869073804066e-01 5.948735663832288752e-03 1.525705149907895741e+00 8.464286417795126305e-03 -6.159943691709543132e-03 9.999452022284092134e-01 1.075237845782324619e+00
9.996611546505225210e-01 -2.501105781588661148e-02 -7.219785223525309638e-03 7.161693677622794496e+01 2.504619190701083686e-02 9.996746587185765254e-01 4.818373157526372082e-03 1.547816835038269945e+00 7.096923783002642531e-03 -4.997568122827767897e-03 9.999622866309011426e-01 1.088292389217298428e+00
9.996647758402272821e-01 -2.533112555994414261e-02 -5.351835893665916541e-03 7.270087619353893160e+01 2.534867916334334476e-02 9.996734308048346174e-01 3.237318599675913840e-03 1.571915649535134296e+00 5.268082839307467596e-03 -3.371894885774940221e-03 9.999803933549384904e-01 1.106226601935921927e+00
9.996548441462290713e-01 -2.605631478328675199e-02 -3.366400024884902593e-03 7.378055346235025524e+01 2.606332706711311439e-02 9.996581659248023888e-01 2.054676198595088796e-03 1.599981445505998634e+00 3.311710167707613683e-03 -2.141705919382108463e-03 9.999921899289689886e-01 1.127146636349530828e+00
9.996355601922036760e-01 -2.663496334868489454e-02 -4.408116242489037648e-03 7.485469458255671782e+01 2.664098565298978621e-02 9.996442074139176848e-01 1.311279651152908550e-03 1.627412069756877022e+00 4.371621655826603975e-03 -1.428239293911021156e-03 9.999894323938789409e-01 1.145552741859908519e+00
9.995978361116588662e-01 -2.711795173306393719e-02 -8.295058191294009398e-03 7.592341195424536693e+01 2.713081972397401315e-02 9.996308599710078679e-01 1.443342422844384526e-03 1.658714468939288533e+00 8.252855252737599859e-03 -1.667812979596699401e-03 9.999645039173338246e-01 1.162700869228152412e+00
9.995577459636982853e-01 -2.774519353661690502e-02 -1.069850385734569601e-02 7.699179254600149136e+01 2.776779826477157251e-02 9.996124192531411490e-01 1.970126625018660087e-03 1.690652292607327745e+00 1.063970546485226189e-02 -2.266329739348485299e-03 9.999408347831606481e-01 1.181859016618623359e+00
9.995587847289603145e-01 -2.826647127139613261e-02 -9.127110619687775830e-03 7.805673294019332786e+01 2.830448504690011649e-02 9.995910706416446523e-01 4.062896606978127351e-03 1.728938060267484866e+00 9.008534704166334950e-03 -4.319442922408749802e-03 9.999500446293954070e-01 1.207201010056663026e+00
9.995698603081173417e-01 -2.889077866623316823e-02 -5.043986974678425945e-03 7.912760439582434913e+01 2.891646559642562300e-02 9.995688833271190177e-01 5.096743694428765292e-03 1.765580157380862270e+00 4.894562462949668923e-03 -5.240405000923982308e-03 9.999742563647638915e-01 1.231486867895925874e+00
9.995632114630338405e-01 -2.954071067972471876e-02 -8.576548024010226994e-04 8.019354929325511705e+01 2.954577381704445380e-02 9.995412456447558824e-01 6.659512568049971021e-03 1.803247269431611066e+00 6.605336861559891635e-04 -6.681945010921870078e-03 9.999774428922105773e-01 1.253988579714308882e+00
9.995510608484002857e-01 -2.996005545613481674e-02 2.215849928958371206e-04 8.125444272143369062e+01 2.995741254826130018e-02 9.995207978087531364e-01 7.796424681100646084e-03 1.838758021477883142e+00 -4.550615241997929875e-04 -7.786286768002049011e-03 9.999695413428467683e-01 1.268446233971938675e+00
9.995334990518911500e-01 -3.046888836008668916e-02 -2.091987517713700482e-03 8.230905508435373008e+01 3.048396419476626096e-02 9.995064297189826252e-01 7.598002570601576806e-03 1.873358655887727542e+00 1.859452313843563921e-03 -7.658230530540541432e-03 9.999689712291263133e-01 1.279536126578774358e+00
9.995117267390293270e-01 -3.108743094243435201e-02 -3.151167300622180218e-03 8.335613675285621582e+01 3.110991368147081326e-02 9.994888899446926489e-01 7.354917881013100893e-03 1.907178154733859543e+00 2.920911030926740329e-03 -7.449360346594749785e-03 9.999679833162784526e-01 1.293374834187176914e+00
9.994969663828580098e-01 -3.158167434147928637e-02 -2.916600118162277367e-03 8.439517161661801481e+01 3.160149686850560746e-02 9.994758470808634554e-01 7.021679539670844759e-03 1.940922585398599853e+00 2.693313421539426326e-03 -7.110317825029906051e-03 9.999710865362788637e-01 1.304188064158505744e+00
9.994747917236195267e-01 -3.229567992746627120e-02 -2.685917715175525043e-03 8.542025221715471162e+01 3.231069384862252786e-02 9.994613148326253471e-01 5.746894741102302577e-03 1.972701967041904147e+00 2.498870346436928881e-03 -5.830662570420928718e-03 9.999798934437553743e-01 1.316260033297120158e+00
9.994563549752077947e-01 -3.295195502688820499e-02 -1.099520059723990174e-03 8.643132400183465336e+01 3.295642148515712244e-02 9.994474311734502514e-01 4.330683304353752372e-03 2.005376413132956781e+00 9.562070134723252941e-04 -4.364565807742315680e-03 9.999900138513422299e-01 1.326999116547521007e+00
9.994398845924844510e-01 -3.343316700152628579e-02 1.493664218980490441e-03 8.742522656361144584e+01 3.342609574669426487e-02 9.994309575154712855e-01 4.532475794505911801e-03 2.041003741584155762e+00 -1.644351675773053243e-03 -4.480007927827597998e-03 9.999885578920445495e-01 1.339604729037457309e+00
9.994038207385093076e-01 -3.440768474080199701e-02 2.865188501112795640e-03 8.839744593664097749e+01 3.439675467346305082e-02 9.994010738003634708e-01 3.779515273278839012e-03 2.076220733594580814e+00 -2.993519443591404535e-03 -3.678708570223095456e-03 9.999887054611275028e-01 1.352686152445809808e+00
9.993321178373998359e-01 -3.642514649759027306e-02 2.918759240110202057e-03 8.935032994620581803e+01 3.641714398032835226e-02 9.993329044243648429e-01 2.752118941126919897e-03 2.114840615397520995e+00 -3.017060234039923086e-03 -2.643988101252508008e-03 9.999919777382356711e-01 1.368557108573755343e+00
9.992092877434726184e-01 -3.968888349474533617e-02 2.351343856633990835e-03 9.028075672621783099e+01 3.968453111955010104e-02 9.992104963718367872e-01 1.869996834387384343e-03 2.152908723631485000e+00 -2.423707299706571831e-03 -1.775205699478252415e-03 9.999954158846910968e-01 1.384129682329124034e+00
9.990684324315801668e-01 -4.312906174382688529e-02 1.445658803085227064e-03 9.118608351506401277e+01 4.312629327590351835e-02 9.990678308642308991e-01 1.896511929617283572e-03 2.195314073134149169e+00 -1.526106839815851357e-03 -1.832399906571265721e-03 9.999971367041892156e-01 1.400083634696345225e+00
9.989304026248438939e-01 -4.622178286086928850e-02 1.276856577703129299e-03 9.207076016065407487e+01 4.621982575066999749e-02 9.989301481211642075e-01 1.521702910560907918e-03 2.237096648448837488e+00 -1.345827707129152936e-03 -1.461060080942967309e-03 9.999980492539920496e-01 1.415538275085378661e+00
9.987750316522043814e-01 -4.940392118765485341e-02 2.775381126198774896e-03 9.293176048480763995e+01 4.939682001182752608e-02 9.987759089116468036e-01 2.569126366556988891e-03 2.286305910243248807e+00 -2.898909595162127775e-03 -2.428884453731022883e-03 9.999928594361491285e-01 1.439196989776503566e+00
9.986169280414538552e-01 -5.245110050999361728e-02 3.634698272443637537e-03 9.377028566563843981e+01 5.243810197574764326e-02 9.986177662276559674e-01 3.583404204446764742e-03 2.335230717936659151e+00 -3.817630682304235488e-03 -3.387850289093956649e-03 9.999869057308905518e-01 1.456903554744269025e+00
9.984508117173802599e-01 -5.540374632173363650e-02 5.135004927629506499e-03 9.458375678052040314e+01 5.538068230132053155e-02 9.984550054408463104e-01 4.529789799134308417e-03 2.388773237190056964e+00 -5.378041988916820032e-03 -4.238392740653914616e-03 9.999764828417736506e-01 1.474307960050345034e+00
9.982904502024271265e-01 -5.814845522270237210e-02 5.908771864449597136e-03 9.536905187025791975e+01 5.811287237709020920e-02 9.982918196616237250e-01 6.026075581271783839e-03 2.441628486216108840e+00 -6.249088639325790957e-03 -5.672397760230258983e-03 9.999643301359493197e-01 1.487152125510738720e+00
9.981422027355653093e-01 -6.059200809852711977e-02 6.379361697550528683e-03 9.612789915299087795e+01 6.053948470018167410e-02 9.981327611760910656e-01 8.127178478765019476e-03 2.499668486957136615e+00 -6.859893749770517093e-03 -7.725877227417738205e-03 9.999466360883437765e-01 1.504402162680174460e+00
9.979803650036521701e-01 -6.330257895706503657e-02 5.297819706017639803e-03 9.685396762838243490e+01 6.324733344827582204e-02 9.979476268303268949e-01 1.001716531419157702e-02 2.556900298090487578e+00 -5.921062655154931548e-03 -9.661862044002626423e-03 9.999358081660212338e-01 1.522252623605316657e+00
9.978289185501809655e-01 -6.583544119585627019e-02 1.767464129623930137e-03 9.755058843862887841e+01 6.581118046239194108e-02 9.977670819512743927e-01 1.139418526134237074e-02 2.612989277188362713e+00 -2.513659908497566792e-03 -1.125312662489250104e-02 9.999334994985449310e-01 1.539708495030189361e+00
9.976654485087984581e-01 -6.825230160200464191e-02 -2.294971953008807970e-03 9.821429416935390577e+01 6.827742835573916147e-02 9.975725192970216204e-01 1.368588938679759018e-02 2.668688963495563282e+00 1.355307248694311061e-03 -1.381063143014843626e-02 9.999037321941800505e-01 1.554263730975584235e+00
9.975049708200942611e-01 -7.040742105859949806e-02 -5.163867308936652238e-03 9.885026894049356372e+01 7.048052600147790281e-02 9.973897319074969126e-01 1.569451397386146044e-02 2.722043514444198564e+00 4.045377767178088592e-03 -1.601930770788840067e-02 9.998634972724090852e-01 1.572840116155419743e+00
9.974278533515351652e-01 -7.138137695553559148e-02 -6.507319973106327413e-03 9.945506238139680022e+01 7.148450476769248330e-02 9.972916447738061629e-01 1.730082305617191771e-02 2.772513990798113337e+00 5.254739240805076858e-03 -1.772149394065814995e-02 9.998291018746590098e-01 1.593775798656036136e+00
9.974873981859828653e-01 -7.058042806881230369e-02 -6.110963438410209683e-03 1.000379466306445266e+02 7.068881583944025548e-02 9.973010308947904967e-01 1.984420989503778501e-02 2.822820846737634337e+00 4.693855964162734276e-03 -2.022633561171412880e-02 9.997843709192267836e-01 1.615049113297280181e+00
9.976838154006707482e-01 -6.786860209637164687e-02 -4.560132070398304968e-03 1.006000587093273708e+02 6.795765464085068430e-02 9.974099617121644501e-01 2.355957093103675654e-02 2.871398017599968266e+00 2.949365869223371465e-03 -2.381489955484897281e-02 9.997120228871650971e-01 1.638554101546541464e+00
9.980364439025828371e-01 -6.256856872910405987e-02 -2.913705166557638282e-03 1.011381031275662536e+02 6.262384833321414657e-02 9.976869439493969427e-01 2.644072931978308852e-02 2.912366394555519822e+00 1.252605164035006232e-03 -2.657128267650696318e-02 9.996461121480204604e-01 1.659051520185092166e+00
9.984603044981414932e-01 -5.546352755559059988e-02 -9.392666467023412166e-04 1.016550159488732277e+02 5.546846973735982539e-02 9.980864933607629386e-01 2.732441965168315445e-02 2.943732857711940820e+00 -5.780420095431235269e-04 -2.733444817534639443e-02 9.996261021410959291e-01 1.676120465825126304e+00
9.989379209120504699e-01 -4.603827426353393482e-02 1.868970940427043493e-03 1.021495447459383143e+02 4.597043437098343593e-02 9.985715520387360433e-01 2.723353141027037155e-02 2.965965896889165343e+00 -3.120087491239136729e-03 -2.711869888905100306e-02 9.996273270492139762e-01 1.690051989110333608e+00
9.993999971848188668e-01 -3.444010975086949505e-02 3.688266640349480412e-03 1.026234413278046560e+02 3.432880636610077113e-02 9.990490341526182538e-01 2.688251224713316886e-02 2.983022136405785840e+00 -4.610598780801737975e-03 -2.673977592434817127e-02 9.996317686625630916e-01 1.709482221885318731e+00
9.997677094331919312e-01 -2.112449070419551711e-02 4.282178902279742440e-03 1.030741563493616866e+02 2.100524441730052330e-02 9.994359429116352889e-01 2.620472932146931944e-02 2.991686707690205616e+00 -4.833326141863118243e-03 -2.610869816485972619e-02 9.996474476551732158e-01 1.726642627498248261e+00
9.999726859105835253e-01 -6.167522160684553272e-03 4.081457193076814226e-03 1.035058755790759903e+02 6.059295773430894982e-03 9.996430971350800387e-01 2.601785442791014827e-02 2.991912273336531758e+00 -4.240468339841579198e-03 -2.599241442348249748e-02 9.996531169543367845e-01 1.746426496800105976e+00
9.999303132319687926e-01 1.166242052590150784e-02 1.845676173902672515e-03 1.039267857960007433e+02 -1.170451931562333132e-02 9.996256283824713762e-01 2.472936749208500332e-02 2.981321177214179663e+00 -1.556582625800126927e-03 -2.474925069721395365e-02 9.996924583855602009e-01 1.760878403266820547e+00
9.994635195709790088e-01 3.268839534130443120e-02 -2.017574529871002387e-03 1.043383391700505172e+02 -3.263014129704712440e-02 9.991749111542466144e-01 2.418403125663835113e-02 2.961536967678043197e+00 2.806447488882225609e-03 -2.410522878804443464e-02 9.997054692747745497e-01 1.779090592393686832e+00
9.983623538601177350e-01 5.686095298122173514e-02 -6.289151531036754270e-03 1.047386242673020718e+02 -5.670834761205530150e-02 9.981430340477344121e-01 2.224284919873202593e-02 2.927841452634499131e+00 7.542222490009689410e-03 -2.184977526782494808e-02 9.997328120921480377e-01 1.791492675331298301e+00
9.964349192472750083e-01 8.394022637848498614e-02 -8.451799914854861429e-03 1.051364697076972590e+02 -8.375731462439059416e-02 9.962841436059997058e-01 2.006682859736938496e-02 2.881465135176420667e+00 1.010480802471222864e-02 -1.928738777187023051e-02 9.997629371467255943e-01 1.810187322177854830e+00
9.934877889181389365e-01 1.135649334629369178e-01 -9.219631919238510664e-03 1.055197030844510806e+02 -1.133914721785505147e-01 9.933953102636751131e-01 1.755533766134684259e-02 2.822406953611006131e+00 1.115241595092206217e-02 -1.639559135754536934e-02 9.998034008181861942e-01 1.822459075849699683e+00
9.892711490552221765e-01 1.457182350133052195e-01 -1.043403244758918380e-02 1.059005383215289982e+02 -1.455516659468724106e-01 9.892329479377094392e-01 1.525798211316746651e-02 2.749607187759584903e+00 1.254506201382837687e-02 -1.357559123599711044e-02 9.998291030070685093e-01 1.838695153340792698e+00
9.834026655702990949e-01 1.810397403806040806e-01 -1.199481809630546618e-02 1.062651813295397432e+02 -1.808875035096601247e-01 9.834210775659208981e-01 1.275825184144317552e-02 2.662839664800300099e+00 1.410571577078266817e-02 -1.037678730732502844e-02 9.998466568637803809e-01 1.854157003579535168e+00
9.755979527302018894e-01 2.192082729091651139e-01 -1.250586024547993384e-02 1.066300503410952132e+02 -2.190999251746823528e-01 9.756564184807503537e-01 9.476348213850967206e-03 2.560020272236587235e+00 1.427871551416076690e-02 -6.505072605960321615e-03 9.998768287890481554e-01 1.872836873554437842e+00
9.657857929534738872e-01 2.589975046640111689e-01 -1.334460826646983664e-02 1.069750125243392773e+02 -2.589229265376092326e-01 9.658721178666229701e-01 7.072521500008243159e-03 2.443672697157016849e+00 1.472095070969869739e-02 -3.375313658404844111e-03 9.998858891799032866e-01 1.886286070183723851e+00
9.537423238371440792e-01 3.003085684362484797e-01 -1.379501603269342111e-02 1.073200564349412502e+02 -3.002285735101082875e-01 9.538370287940648451e-01 7.594652515269569547e-03 2.317621455803297259e+00 1.543894480296775090e-02 -3.101682441568465957e-03 9.998759473687917065e-01 1.902666051051617346e+00
9.387855385232962702e-01 3.442580311071214427e-01 -1.297023024399674568e-02 1.076564288823434339e+02 -3.441502679347505089e-01 9.388628821097346755e-01 9.851986925862381630e-03 2.179265891037727165e+00 1.556889398751050597e-02 -4.785194370684608435e-03 9.998672793669691750e-01 1.914941795970724003e+00
9.212559684787662295e-01 3.887876344951589069e-01 -1.147549166739508970e-02 1.079725751118061652e+02 -3.886915902891173169e-01 9.213162625210400414e-01 9.756172409368067677e-03 2.023377273093968309e+00 1.436563942513131333e-02 -4.527504383909242841e-03 9.998865690001940143e-01 1.926826245464676068e+00
9.014164995890412424e-01 4.328384944996874761e-01 -9.958336585729388526e-03 1.082869452724918631e+02 -4.327622752065068967e-01 9.014637131797962333e-01 8.945845957481161209e-03 1.849366402777740781e+00 1.284919793405704669e-02 -3.754337654704537498e-03 9.999103872311628782e-01 1.936747218815803473e+00
8.786597542259169114e-01 4.773335875388546867e-01 -1.047113828643219530e-02 1.085751136792589904e+02 -4.772767498119038776e-01 8.787206877940458849e-01 7.542408737615934923e-03 1.662129030619456493e+00 1.280146184822220611e-02 -1.629576025093162558e-03 9.999166579800374821e-01 1.946378472606996812e+00
